2,317.921033,1444.214000,1,38.992001,-0.629000,0.227000,2.310000,-1.280000,0.290000
2,342.856361,1444.532000,1,38.972000,-0.633000,0.426000,1.980000,-0.270000,0.300000
2,321.567495,1444.875000,1,38.972000,-0.633000,0.426000,1.980000,-0.270000,0.300000
2,405.882333,1445.197000,1,38.998001,-0.617000,0.430000,1.770000,-0.240000,0.220000
2,353.233700,1445.603000,1,38.985001,-0.621000,0.465000,1.930000,-0.430000,0.310000
2,257.943310,1445.957000,1,38.985001,-0.621000,0.465000,1.930000,-0.430000,0.310000
2,356.546843,1446.215000,1,38.987999,-0.632000,0.237000,2.440000,-1.390000,0.320000
2,6.422484,1446.571000,1,39.004002,-0.627000,0.254000,2.430000,-1.360000,0.280000
2,343.459950,1446.578000,1,38.997002,-0.634000,0.211000,2.300000,-1.390000,0.290000
2,321.217071,1446.922000,1,38.983002,-0.645000,0.175000,2.350000,-1.610000,0.360000
2,313.316648,1447.243000,1,38.983002,-0.645000,0.175000,2.350000,-1.610000,0.360000
2,497.428025,1447.557000,1,38.964001,-0.594000,0.665000,2.410000,0.620000,0.290000
2,434.834096,1448.055000,1,38.964001,-0.594000,0.665000,2.410000,0.620000,0.290000
2,322.385151,1448.490000,1,39.004002,-0.625000,0.179000,2.120000,-1.330000,0.230000
2,294.592181,1448.813000,1,39.020000,-0.614000,0.230000,2.120000,-1.370000,0.200000
2,429.394461,1449.108000,1,38.992001,-0.624000,0.241000,2.250000,-1.480000,0.330000
2,358.580475,1449.537000,1,38.957001,-0.620000,0.413000,3.020000,-0.240000,0.330000
2,339.815932,1449.896000,1,38.993000,-0.622000,0.411000,1.800000,-0.280000,0.200000
2,312.274173,1450.236000,1,38.972000,-0.631000,0.428000,2.070000,-0.330000,0.310000
2,319.824661,1450.548000,1,38.993000,-0.615000,0.412000,1.660000,-0.250000,0.250000
2,358.332197,1450.868000,1,39.013000,-0.615000,0.203000,2.060000,-1.240000,0.190000
2,341.350564,1451.227000,1,38.749001,-0.537000,0.452000,1.890000,-0.290000,0.800000
2,441.029318,1451.568000,1,38.591999,-0.475000,0.404000,1.860000,-0.360000,1.110000
2,429.787893,1452.010000,1,38.598999,-0.484000,0.180000,2.170000,-1.360000,1.130000
2,322.326502,1452.440000,1,38.564999,-0.492000,0.411000,2.190000,-0.390000,1.230000
2,372.270957,1452.762000,1,38.573002,-0.485000,0.220000,2.420000,-1.380000,1.220000
2,289.849973,1453.135000,1,38.590000,-0.481000,0.170000,2.180000,-1.350000,1.130000
2,379.777948,1453.425000,1,38.561001,-0.495000,0.408000,2.190000,-0.340000,1.210000
2,393.537342,1453.805000,1,38.813999,-0.566000,0.450000,2.150000,-0.340000,0.650000
2,284.835538,1454.198000,1,39.071999,-0.634000,0.233000,2.150000,-1.390000,0.080000
2,407.335835,1454.483000,1,38.985001,-0.643000,0.404000,2.060000,-0.420000,0.290000
2,301.080156,1454.891000,1,39.002998,-0.642000,0.180000,2.350000,-1.190000,0.200000
2,474.760434,1455.192000,1,39.000999,-0.653000,0.191000,2.530000,-1.490000,0.270000
2,366.057652,1455.667000,1,38.999001,-0.632000,0.457000,2.050000,-0.280000,0.290000
2,497.283359,1456.033000,1,39.013000,-0.631000,0.263000,2.360000,-1.360000,0.230000
2,430.787848,1456.531000,1,38.998001,-0.628000,0.391000,1.850000,-0.240000,0.190000
2,342.582669,1456.962000,1,38.639000,-0.515000,0.459000,1.760000,-0.620000,1.170000
2,336.000856,1457.304000,1,38.573002,-0.484000,0.196000,2.270000,-1.460000,1.200000
2,538.552255,1457.641000,1,38.571999,-0.493000,0.191000,2.350000,-1.610000,1.250000
2,561.103528,1458.179000,1,38.562000,-0.508000,0.324000,1.910000,-0.600000,1.230000
2,502.287042,1458.741000,1,38.574001,-0.483000,0.375000,1.810000,-0.460000,1.190000
2,551.913329,1459.243000,1,38.613998,-0.495000,0.234000,1.580000,-0.580000,1.050000
2,472.559165,1459.795000,1,38.571999,-0.496000,0.166000,2.320000,-1.530000,1.200000
2,404.719140,1460.268000,1,38.609001,-0.489000,0.461000,1.630000,-0.280000,1.220000
2,443.632816,1460.673000,1,38.567001,-0.494000,0.186000,2.370000,-1.600000,1.240000
2,453.535592,1461.117000,1,38.581001,-0.498000,0.168000,2.270000,-1.650000,1.200000
2,784.898340,1461.570000,1,38.591000,-0.480000,0.166000,2.070000,-1.270000,1.120000
2,580.999006,1462.356000,1,38.592999,-0.487000,0.166000,2.260000,-1.400000,1.130000
2,399.786813,1462.937000,1,39.049999,-0.654000,0.243000,2.480000,-1.350000,0.170000
2,1196.061958,1463.337000,1,39.004002,-0.644000,0.208000,2.530000,-1.340000,0.290000
2,1144.468995,1464.533000,1,39.048000,-0.643000,0.310000,2.270000,-1.410000,0.320000
2,1002.551204,1465.679000,1,39.042999,-0.654000,0.317000,2.290000,-1.350000,0.350000
2,754.839589,1466.681000,1,38.887001,-0.601000,0.474000,1.800000,-0.630000,0.640000
2,971.058012,1467.436000,1,38.578999,-0.490000,0.364000,2.000000,-0.450000,1.130000
2,766.046314,1468.407000,1,38.583000,-0.490000,0.207000,2.310000,-1.760000,1.220000
2,399.786813,1469.174000,1,38.764000,-0.559000,0.423000,2.110000,-0.650000,0.810000
2,373.610584,1469.574000,1,39.006001,-0.627000,0.462000,1.960000,-0.380000,0.230000
2,569.810365,1469.947000,1,39.001999,-0.636000,0.406000,1.840000,-0.310000,0.240000
2,664.799205,1470.517000,1,38.993999,-0.617000,0.432000,2.830000,-0.280000,0.260000
2,1360.644409,1471.182000,1,39.054001,-0.641000,0.275000,1.960000,-1.350000,0.220000
2,648.948508,1472.543000,1,38.632999,-0.499000,0.222000,1.820000,-1.540000,1.310000
2,626.056098,1473.192000,1,38.570999,-0.497000,0.142000,2.220000,-1.400000,1.200000
2,742.298615,1473.818000,1,38.599998,-0.499000,0.386000,3.000000,-0.340000,1.170000
2,946.060614,1474.561000,1,39.056999,-0.648000,0.251000,2.360000,-1.360000,0.130000
2,776.051724,1475.507000,1,38.994999,-0.647000,0.185000,2.330000,-1.340000,0.290000
2,1047.018879,1476.283000,1,38.865002,-0.556000,0.640000,2.430000,0.640000,0.490000
2,1041.380328,1477.331000,1,38.564999,-0.488000,0.367000,1.850000,-0.460000,1.210000
2,533.504098,1478.372000,1,38.598999,-0.479000,0.157000,2.060000,-1.470000,1.120000
2,478.582352,1478.906000,1,38.567001,-0.509000,0.155000,2.420000,-1.640000,1.250000
2,407.328504,1479.385000,1,38.574001,-0.463000,0.427000,2.850000,-0.550000,1.250000
2,326.163571,1479.792000,1,38.521999,-0.482000,0.556000,2.610000,0.640000,1.270000
2,275.919032,1480.118000,1,38.785000,-0.547000,0.230000,2.170000,-1.270000,0.700000
2,402.297941,1480.394000,1,39.008999,-0.647000,0.202000,2.090000,-1.400000,0.240000
2,388.557607,1480.797000,1,39.021000,-0.633000,0.464000,2.800000,-0.280000,0.210000
2,489.866296,1481.186000,1,39.033001,-0.623000,0.533000,2.620000,-0.440000,0.300000
2,657.287816,1481.676000,1,38.987000,-0.605000,0.664000,2.330000,0.770000,0.260000
2,629.754366,1482.333000,1,38.985001,-0.610000,0.430000,2.760000,-0.260000,0.230000
2,396.129599,1482.964000,1,38.570000,-0.490000,0.209000,2.340000,-1.270000,1.190000
2,433.570224,1483.360000,1,38.556000,-0.461000,0.425000,2.660000,-0.320000,1.210000
2,563.579466,1483.794000,1,38.598999,-0.488000,0.176000,2.250000,-1.280000,1.120000
2,911.994225,1484.358000,1,38.591000,-0.476000,0.201000,2.000000,-1.490000,1.100000
2,588.881346,1485.270000,1,38.678001,-0.520000,0.163000,2.480000,-1.410000,1.060000
2,581.023932,1485.859000,1,38.992001,-0.615000,0.429000,2.810000,-0.340000,0.270000
2,378.548287,1486.440000,1,39.021000,-0.642000,0.218000,2.240000,-1.390000,0.190000
2,373.526521,1486.819000,1,39.042999,-0.645000,0.514000,1.820000,-0.480000,0.340000
2,342.313375,1487.193000,1,38.777000,-0.580000,0.186000,2.230000,-1.290000,0.750000
2,352.299724,1487.535000,1,38.549999,-0.504000,0.150000,2.340000,-1.510000,1.280000
2,417.288461,1487.888000,1,38.551998,-0.498000,0.324000,1.750000,-0.660000,1.240000
2,413.585306,1488.305000,1,38.585999,-0.493000,0.196000,2.320000,-1.600000,1.170000
2,423.515940,1488.719000,1,38.591000,-0.486000,0.238000,2.360000,-1.540000,1.180000
2,431.028306,1489.143000,1,38.562000,-0.467000,0.425000,2.840000,-0.360000,1.210000
2,344.900256,1489.574000,1,38.573002,-0.498000,0.212000,2.460000,-1.530000,1.200000
2,425.990901,1489.919000,1,38.591000,-0.490000,0.216000,2.320000,-1.600000,1.220000
2,322.332367,1490.345000,1,38.629002,-0.486000,0.657000,2.520000,0.380000,1.070000
2,307.348200,1490.668000,1,39.014999,-0.645000,0.229000,2.410000,-1.370000,0.240000
2,239.470053,1490.975000,1,39.028000,-0.661000,0.237000,2.170000,-1.230000,0.200000
2,373.806567,1491.215000,1,39.016998,-0.636000,0.228000,2.170000,-1.370000,0.200000
2,304.823388,1491.589000,1,38.981998,-0.609000,0.656000,2.330000,0.730000,0.250000
2,668.514579,1491.894000,1,39.011002,-0.632000,0.250000,2.150000,-1.360000,0.240000
2,873.574662,1492.562000,1,39.002998,-0.627000,0.370000,1.600000,-0.220000,0.190000
2,534.816355,1493.436000,1,38.603001,-0.486000,0.184000,2.130000,-1.550000,1.100000
2,510.996323,1493.971000,1,38.566002,-0.464000,0.430000,2.850000,-0.280000,1.230000
2,374.829981,1494.482000,1,38.566002,-0.464000,0.430000,2.850000,-0.280000,1.230000
2,337.284767,1494.857000,1,38.747002,-0.537000,0.224000,2.050000,-1.330000,0.740000
2,376.066484,1495.195000,1,39.029999,-0.654000,0.243000,2.480000,-1.550000,0.260000
2,431.063495,1495.571000,1,38.997002,-0.625000,0.607000,2.240000,0.650000,0.240000
2,486.049754,1496.002000,1,39.014000,-0.628000,0.403000,1.660000,-0.320000,0.170000
2,347.339539,1496.489000,1,38.986000,-0.611000,0.462000,2.690000,-0.180000,0.230000
2,317.282743,1496.836000,1,38.792000,-0.586000,0.358000,1.920000,-0.220000,0.690000
2,382.358964,1497.153000,1,38.587002,-0.498000,0.186000,2.430000,-1.440000,1.240000
2,339.536375,1497.536000,1,38.581001,-0.470000,0.413000,3.010000,-0.490000,1.280000
2,382.600889,1497.876000,1,38.560001,-0.475000,0.422000,2.930000,-0.420000,1.260000
2,407.314330,1498.258000,1,38.573002,-0.494000,0.221000,2.310000,-1.340000,1.240000
2,362.307578,1498.666000,1,38.563000,-0.470000,0.417000,2.910000,-0.330000,1.220000
2,346.068825,1499.028000,1,38.868999,-0.615000,0.219000,2.540000,-1.300000,0.590000
2,604.838587,1499.375000,1,39.033001,-0.629000,0.446000,2.930000,-0.210000,0.210000
2,446.056460,1499.980000,1,39.002998,-0.612000,0.467000,2.840000,-0.290000,0.250000
2,442.287325,1500.427000,1,39.000999,-0.611000,0.477000,2.720000,-0.250000,0.260000
2,443.611312,1500.869000,1,39.000999,-0.611000,0.477000,2.720000,-0.250000,0.260000
2,353.543070,1501.313000,1,39.002998,-0.608000,0.467000,2.840000,-0.290000,0.270000
2,352.331492,1501.667000,1,39.022999,-0.634000,0.280000,2.300000,-1.350000,0.250000
2,323.567404,1502.019000,1,39.004002,-0.604000,0.474000,2.670000,-0.290000,0.260000
2,491.107687,1502.343000,1,38.998001,-0.609000,0.462000,2.750000,-0.250000,0.270000
2,714.798887,1502.834000,1,39.000000,-0.614000,0.461000,2.920000,-0.310000,0.270000
2,563.524727,1503.549000,1,39.020000,-0.638000,0.264000,2.320000,-1.310000,0.250000
2,503.282109,1504.113000,1,38.558998,-0.467000,0.418000,2.820000,-0.340000,1.250000
2,768.846773,1504.616000,1,38.577999,-0.490000,0.210000,2.130000,-1.370000,1.230000
2,358.541376,1505.385000,1,38.577000,-0.502000,0.180000,2.400000,-1.370000,1.220000
2,653.542141,1505.744000,1,38.764999,-0.565000,0.202000,2.330000,-1.110000,0.780000
2,998.581687,1506.398000,1,39.042999,-0.625000,0.474000,2.830000,-0.230000,0.180000
2,441.048867,1507.397000,1,39.018002,-0.626000,0.409000,1.740000,-0.300000,0.170000
2,306.036431,1507.838000,1,38.978001,-0.615000,0.629000,2.280000,0.700000,0.290000
2,371.125359,1508.144000,1,38.924999,-0.599000,0.428000,1.960000,-0.570000,0.410000
2,296.039818,1508.515000,1,38.681000,-0.503000,0.187000,2.040000,-1.490000,0.950000
2,501.070577,1508.812000,1,38.584000,-0.483000,0.395000,1.720000,-0.430000,1.170000
2,522.279290,1509.313000,1,38.598999,-0.488000,0.191000,2.320000,-1.570000,1.130000
2,398.564484,1509.835000,1,38.596001,-0.482000,0.236000,2.110000,-1.550000,1.190000
2,408.561097,1510.234000,1,38.641998,-0.485000,0.293000,1.840000,-1.500000,1.220000
2,393.538808,1510.643000,1,38.598000,-0.478000,0.207000,2.100000,-1.400000,1.100000
2,309.586123,1511.036000,1,38.580002,-0.494000,0.165000,2.090000,-1.270000,1.150000
2,368.575622,1511.346000,1,38.581001,-0.495000,0.187000,2.140000,-1.220000,1.190000
2,233.836390,1511.715000,1,38.627998,-0.490000,0.297000,2.050000,-1.410000,1.230000
2,394.807567,1511.949000,1,38.610001,-0.468000,0.250000,1.850000,-1.270000,1.090000
2,749.810492,1512.344000,1,38.596001,-0.486000,0.246000,2.390000,-1.490000,1.180000
2,687.457510,1513.094000,1,38.597000,-0.475000,0.207000,2.100000,-1.500000,1.150000
2,393.358464,1513.782000,1,38.793999,-0.534000,0.478000,2.910000,-0.480000,0.750000
2,341.067586,1514.175000,1,39.076000,-0.648000,0.555000,1.670000,-0.310000,0.270000
2,391.070689,1514.516000,1,39.018002,-0.618000,0.412000,1.670000,-0.230000,0.140000
2,389.788734,1514.908000,1,39.018002,-0.618000,0.412000,1.670000,-0.230000,0.140000
2,296.093579,1515.298000,1,39.016998,-0.611000,0.217000,1.950000,-1.270000,0.190000
2,308.523611,1515.594000,1,38.665001,-0.497000,0.198000,1.980000,-1.540000,0.960000
2,422.318047,1515.903000,1,38.591000,-0.486000,0.231000,2.290000,-1.390000,1.190000
2,259.815658,1516.325000,1,38.584000,-0.476000,0.371000,1.870000,-0.330000,1.140000
2,382.475772,1516.585000,1,38.584999,-0.487000,0.204000,2.310000,-1.570000,1.240000
2,359.669868,1516.968000,1,38.587002,-0.478000,0.172000,1.930000,-1.390000,1.130000
2,304.543831,1517.327000,1,38.573002,-0.499000,0.129000,2.350000,-1.340000,1.230000
2,298.809976,1517.632000,1,38.574001,-0.482000,0.435000,2.130000,-0.380000,1.210000
2,343.585067,1517.932000,1,38.582001,-0.482000,0.199000,2.270000,-1.380000,1.180000
2,344.894391,1518.276000,1,38.738998,-0.567000,0.233000,2.470000,-1.180000,0.870000
2,445.925478,1518.621000,1,38.738998,-0.567000,0.233000,2.470000,-1.180000,0.870000
2,347.367886,1519.067000,1,39.023998,-0.614000,0.444000,1.340000,-0.090000,0.110000
2,372.306635,1519.415000,1,39.023998,-0.614000,0.444000,1.340000,-0.090000,0.110000
2,399.821513,1519.787000,1,39.014000,-0.625000,0.280000,2.220000,-1.300000,0.240000
2,281.055162,1520.187000,1,39.018002,-0.620000,0.279000,2.210000,-1.280000,0.220000
2,319.771389,1520.468000,1,38.956001,-0.620000,0.426000,1.870000,-0.360000,0.330000
2,496.124076,1520.788000,1,38.688000,-0.517000,0.187000,2.080000,-1.340000,0.910000
2,396.016212,1521.285000,1,38.582001,-0.493000,0.148000,2.200000,-1.360000,1.200000
2,407.294292,1521.681000,1,38.567001,-0.491000,0.353000,1.850000,-0.270000,1.170000
2,352.323672,1522.088000,1,38.611000,-0.468000,0.208000,2.070000,-1.610000,1.080000
2,453.546344,1522.441000,1,38.592999,-0.488000,0.163000,2.340000,-1.670000,1.110000
2,408.334323,1522.895000,1,38.592999,-0.488000,0.163000,2.340000,-1.670000,1.110000
2,558.755638,1523.303000,1,38.834999,-0.551000,0.337000,2.090000,-1.330000,0.730000
2,951.069673,1523.862000,1,39.124001,-0.653000,0.354000,2.040000,-1.380000,0.210000
2,542.312593,1524.813000,1,39.019001,-0.634000,0.431000,2.030000,-0.620000,0.240000
2,362.339835,1525.356000,1,39.018002,-0.628000,0.232000,2.460000,-1.290000,0.240000
2,679.807809,1525.718000,1,39.021000,-0.621000,0.233000,2.230000,-1.320000,0.170000
2,334.825445,1526.398000,1,39.021000,-0.621000,0.233000,2.230000,-1.320000,0.170000
2,376.118779,1526.733000,1,38.609001,-0.474000,0.172000,2.020000,-1.340000,1.080000
2,505.912488,1527.109000,1,38.591999,-0.470000,0.243000,2.330000,-1.450000,1.220000
2,338.551571,1527.616000,1,38.601002,-0.468000,0.204000,1.990000,-1.200000,1.060000
2,346.017508,1527.954000,1,38.604000,-0.478000,0.224000,2.290000,-1.620000,1.170000
2,512.335950,1528.301000,1,38.589001,-0.475000,0.387000,1.880000,-0.490000,1.150000
2,338.563301,1528.813000,1,38.587002,-0.475000,0.373000,1.820000,-0.470000,1.120000
2,301.037147,1529.152000,1,38.910999,-0.567000,0.455000,1.890000,-0.270000,0.420000
2,572.326869,1529.453000,1,39.084999,-0.647000,0.534000,1.690000,-0.570000,0.260000
2,382.020759,1530.025000,1,39.014000,-0.603000,0.457000,2.860000,-0.380000,0.210000
2,343.835300,1530.408000,1,38.999001,-0.622000,0.424000,1.630000,-0.290000,0.280000
2,343.529840,1530.752000,1,39.007999,-0.620000,0.405000,1.770000,-0.400000,0.250000
2,291.069370,1531.095000,1,39.037998,-0.620000,0.199000,1.960000,-1.430000,0.160000
2,459.818786,1531.387000,1,39.006001,-0.623000,0.441000,1.960000,-0.260000,0.230000
2,679.808787,1531.847000,1,38.750000,-0.527000,0.186000,2.160000,-1.340000,0.830000
2,329.767024,1532.527000,1,38.595001,-0.474000,0.165000,2.020000,-1.570000,1.130000
2,478.622428,1532.857000,1,38.609001,-0.471000,0.225000,2.060000,-1.390000,1.120000
2,349.749987,1533.335000,1,38.588001,-0.467000,0.395000,1.700000,-0.470000,1.150000
2,409.959860,1533.685000,1,38.581001,-0.490000,0.174000,2.420000,-1.650000,1.220000
2,357.287767,1534.095000,1,38.876999,-0.570000,0.230000,2.250000,-1.430000,0.510000
2,253.397084,1534.453000,1,39.048000,-0.644000,0.433000,1.980000,-0.360000,0.160000
2,386.141295,1534.706000,1,39.013000,-0.626000,0.279000,2.230000,-1.330000,0.260000
2,381.039376,1535.093000,1,39.012001,-0.625000,0.205000,2.130000,-1.410000,0.190000
2,521.072112,1535.475000,1,39.016998,-0.628000,0.194000,2.240000,-1.530000,0.190000
2,370.817456,1535.996000,1,39.011002,-0.634000,0.218000,2.170000,-1.680000,0.260000
2,441.440834,1536.367000,1,38.715000,-0.527000,0.232000,2.360000,-1.560000,0.910000
2,412.227108,1536.809000,1,38.615002,-0.495000,0.266000,2.090000,-1.710000,1.300000
2,376.077236,1537.221000,1,38.582001,-0.480000,0.351000,1.740000,-0.580000,1.170000
2,369.922579,1537.597000,1,38.570999,-0.478000,0.199000,2.240000,-1.470000,1.210000
2,339.713297,1537.968000,1,38.584000,-0.466000,0.201000,1.970000,-1.490000,1.160000
2,416.199557,1538.307000,1,38.585999,-0.473000,0.173000,2.020000,-1.680000,1.130000
2,355.987729,1538.724000,1,38.720001,-0.510000,0.224000,1.880000,-1.400000,0.850000
2,393.555425,1539.080000,1,39.049000,-0.620000,0.286000,2.160000,-1.340000,0.200000
2,445.618063,1539.474000,1,39.058998,-0.617000,0.298000,1.900000,-1.510000,0.250000
2,406.440958,1539.919000,1,39.015999,-0.619000,0.183000,1.930000,-1.470000,0.200000
2,360.662981,1540.326000,1,39.014999,-0.618000,0.390000,1.760000,-0.290000,0.190000
2,366.469657,1540.687000,1,39.049000,-0.627000,0.324000,2.010000,-1.460000,0.320000
2,302.319103,1541.054000,1,38.825001,-0.549000,0.266000,2.040000,-1.520000,0.750000
2,326.174323,1541.356000,1,38.573002,-0.473000,0.165000,2.080000,-1.510000,1.190000
2,293.157740,1541.682000,1,38.580002,-0.461000,0.241000,1.950000,-1.310000,1.170000
2,341.644295,1541.976000,1,38.580002,-0.461000,0.241000,1.950000,-1.310000,1.170000
2,516.983343,1542.318000,1,38.575001,-0.460000,0.373000,1.730000,-0.520000,1.150000
2,251.882490,1542.835000,1,38.608002,-0.477000,0.233000,2.110000,-1.660000,1.260000
2,425.372161,1543.087000,1,38.709000,-0.518000,0.151000,1.910000,-1.450000,0.860000
2,424.752932,1543.512000,1,38.963001,-0.608000,0.438000,1.950000,-0.420000,0.340000
2,393.531966,1543.937000,1,39.073002,-0.638000,0.466000,1.710000,-0.370000,0.200000
2,405.161935,1544.331000,1,38.999001,-0.615000,0.447000,1.960000,-0.290000,0.260000
2,346.968100,1544.736000,1,39.005001,-0.616000,0.399000,1.760000,-0.130000,0.200000
2,333.546911,1545.083000,1,39.020000,-0.631000,0.476000,1.850000,-0.360000,0.300000
2,376.227767,1545.417000,1,38.799000,-0.538000,0.185000,2.240000,-1.590000,0.720000
2,360.874115,1545.794000,1,38.799000,-0.538000,0.185000,2.240000,-1.590000,0.720000
2,348.721686,1546.155000,1,38.597000,-0.496000,0.140000,2.450000,-1.360000,1.300000
2,325.997890,1546.503000,1,38.638000,-0.474000,0.246000,1.920000,-1.550000,1.190000
2,332.342176,1546.830000,1,38.584999,-0.491000,0.238000,2.110000,-1.390000,1.380000
2,314.497924,1547.162000,1,38.575001,-0.472000,0.343000,1.890000,-0.420000,1.150000
2,541.241772,1547.477000,1,38.582001,-0.477000,0.169000,2.360000,-1.670000,1.220000
2,492.362273,1548.018000,1,38.608002,-0.493000,0.375000,1.830000,-0.460000,1.100000
2,427.385265,1548.511000,1,39.035999,-0.626000,0.423000,1.950000,-0.390000,0.150000
2,388.667573,1548.938000,1,39.008999,-0.606000,0.395000,1.640000,-0.240000,0.190000
2,375.992196,1549.327000,1,39.055000,-0.621000,0.468000,1.630000,-0.300000,0.230000
2,706.096937,1549.703000,1,39.002998,-0.610000,0.432000,1.850000,-0.510000,0.300000
2,637.174850,1550.410000,1,38.953999,-0.601000,0.387000,1.910000,-0.320000,0.360000
2,412.360533,1551.047000,1,38.589001,-0.463000,0.128000,2.130000,-1.490000,1.120000
2,452.354805,1551.459000,1,38.570999,-0.466000,0.370000,1.800000,-0.530000,1.200000
2,370.999754,1551.912000,1,38.588001,-0.463000,0.135000,2.080000,-1.590000,1.130000
2,359.867807,1552.283000,1,38.615002,-0.469000,0.427000,1.530000,-0.520000,1.200000
2,412.100037,1552.643000,1,38.919998,-0.577000,0.324000,2.390000,-1.700000,0.630000
2,417.386697,1553.057000,1,39.049000,-0.635000,0.222000,2.270000,-1.270000,0.170000
2,504.735122,1553.474000,1,39.029999,-0.626000,0.185000,2.270000,-1.420000,0.260000
2,439.557733,1553.979000,1,39.014000,-0.615000,0.373000,1.870000,-0.330000,0.190000
2,658.839065,1554.419000,1,39.023998,-0.606000,0.398000,1.630000,-0.100000,0.140000
2,638.530604,1555.078000,1,38.879002,-0.565000,0.197000,2.210000,-1.400000,0.530000
2,682.467024,1555.717000,1,38.604000,-0.476000,0.157000,2.300000,-1.360000,1.240000
2,543.443040,1556.399000,1,38.574001,-0.472000,0.213000,2.210000,-1.410000,1.200000
2,619.792942,1556.943000,1,38.570000,-0.459000,0.382000,1.680000,-0.130000,1.110000
2,563.552585,1557.563000,1,38.948002,-0.588000,0.340000,2.050000,-1.490000,0.510000
2,629.806661,1558.126000,1,39.050999,-0.615000,0.466000,1.540000,-0.400000,0.210000
2,652.333496,1558.756000,1,39.015999,-0.610000,0.382000,1.700000,-0.370000,0.180000
2,606.102460,1559.409000,1,39.014999,-0.601000,0.205000,2.130000,-1.340000,0.220000
2,437.259206,1560.015000,1,38.563999,-0.465000,0.347000,1.730000,-0.390000,1.190000
2,464.773595,1560.453000,1,38.599998,-0.459000,0.179000,1.930000,-1.360000,1.090000
2,571.105517,1560.918000,1,38.568001,-0.500000,0.230000,1.750000,-1.070000,1.260000
2,564.748523,1561.489000,1,38.591000,-0.463000,0.150000,2.160000,-1.480000,1.140000
2,543.458191,1562.054000,1,38.944000,-0.591000,0.243000,2.310000,-1.330000,0.390000
2,550.845929,1562.597000,1,39.039001,-0.635000,0.271000,2.090000,-1.530000,0.320000
2,355.102627,1563.148000,1,39.025002,-0.614000,0.184000,2.040000,-1.200000,0.170000
2,431.030750,1563.504000,1,39.023998,-0.615000,0.235000,2.210000,-1.430000,0.230000
2,517.233576,1563.935000,1,38.882999,-0.579000,0.388000,1.730000,-0.420000,0.490000
2,433.600037,1564.452000,1,38.882999,-0.579000,0.388000,1.730000,-0.420000,0.490000
2,372.424909,1564.886000,1,38.561001,-0.474000,0.312000,1.650000,-0.240000,1.150000
2,434.821878,1565.259000,1,38.624001,-0.469000,0.407000,1.430000,-0.510000,1.220000
2,357.349837,1565.694000,1,38.591999,-0.469000,0.168000,2.050000,-1.380000,1.140000
2,294.835572,1566.051000,1,38.645000,-0.496000,0.211000,2.200000,-1.310000,1.060000
2,279.591397,1566.346000,1,38.959999,-0.600000,0.448000,1.910000,-0.410000,0.350000
2,331.135486,1566.626000,1,39.063000,-0.635000,0.214000,2.290000,-1.390000,0.130000
2,299.738086,1566.957000,1,39.000000,-0.623000,0.425000,1.930000,-0.270000,0.260000
2,366.130963,1567.257000,1,39.044998,-0.627000,0.243000,1.750000,-1.450000,0.260000
2,339.758750,1567.624000,1,39.014000,-0.613000,0.393000,1.740000,-0.340000,0.190000
2,254.912655,1567.963000,1,39.020000,-0.602000,0.404000,1.510000,-0.280000,0.160000
2,466.937720,1568.219000,1,38.925999,-0.576000,0.199000,2.090000,-1.390000,0.400000
2,322.644670,1568.686000,1,38.633999,-0.499000,0.341000,1.930000,-0.580000,1.060000
2,258.676414,1569.008000,1,38.591000,-0.481000,0.439000,1.690000,-0.380000,1.280000
2,310.880786,1569.267000,1,38.608002,-0.466000,0.183000,2.080000,-1.410000,1.110000
2,432.315638,1569.578000,1,38.583000,-0.482000,0.162000,2.130000,-1.410000,1.200000
2,393.684451,1570.011000,1,38.598000,-0.467000,0.173000,2.020000,-1.320000,1.120000
2,329.815898,1570.406000,1,38.778999,-0.547000,0.282000,2.180000,-1.420000,0.890000
2,352.214684,1570.736000,1,39.029999,-0.630000,0.438000,1.940000,-0.330000,0.240000
2,397.443322,1571.088000,1,39.004002,-0.603000,0.620000,2.320000,0.810000,0.210000
2,298.446845,1571.486000,1,39.011002,-0.613000,0.402000,1.820000,-0.200000,0.160000
2,407.277675,1571.784000,1,39.013000,-0.627000,0.197000,2.220000,-1.280000,0.240000
2,327.591659,1572.192000,1,39.009998,-0.595000,0.445000,2.810000,-0.320000,0.250000
2,344.791757,1572.520000,1,39.028000,-0.616000,0.397000,1.690000,-0.290000,0.180000
2,298.357895,1572.865000,1,38.918999,-0.572000,0.617000,2.400000,0.630000,0.390000
2,364.751749,1573.163000,1,38.655998,-0.500000,0.128000,2.100000,-1.280000,1.020000
2,301.985785,1573.528000,1,38.597000,-0.471000,0.200000,2.070000,-1.410000,1.170000
2,306.491445,1573.830000,1,38.595001,-0.473000,0.173000,2.060000,-1.280000,1.130000
2,320.955597,1574.137000,1,38.605000,-0.488000,0.253000,2.230000,-1.550000,1.270000
2,327.317478,1574.458000,1,38.564999,-0.452000,0.422000,2.720000,-0.270000,1.220000
2,472.380776,1574.785000,1,38.587002,-0.455000,0.693000,2.260000,0.580000,1.280000
2,436.025146,1575.258000,1,38.800999,-0.557000,0.171000,2.320000,-1.410000,0.690000
2,389.920693,1575.694000,1,39.092999,-0.633000,0.492000,1.630000,-0.460000,0.160000
2,435.980183,1576.084000,1,39.006001,-0.622000,0.409000,1.950000,-0.500000,0.240000
2,376.092876,1576.520000,1,39.043999,-0.629000,0.463000,1.680000,-0.330000,0.250000
2,361.138521,1576.897000,1,39.033001,-0.630000,0.515000,1.750000,-0.350000,0.330000
2,366.049833,1577.258000,1,38.976002,-0.615000,0.182000,2.260000,-1.270000,0.270000
2,363.385242,1577.624000,1,38.662998,-0.516000,0.345000,1.910000,-0.370000,0.980000
2,347.483228,1577.988000,1,38.568001,-0.491000,0.168000,2.330000,-1.510000,1.250000
2,398.550799,1578.335000,1,38.591999,-0.508000,0.158000,2.590000,-0.980000,1.360000
2,343.592887,1578.734000,1,38.584999,-0.485000,0.160000,2.210000,-1.550000,1.250000
2,303.171459,1579.078000,1,38.563000,-0.484000,0.349000,1.920000,-0.550000,1.210000
2,327.580907,1579.381000,1,38.569000,-0.484000,0.382000,1.920000,-0.450000,1.240000
2,297.245531,1579.709000,1,38.888000,-0.582000,0.225000,2.450000,-1.550000,0.560000
2,353.705819,1580.006000,1,39.043999,-0.657000,0.164000,2.260000,-1.440000,0.200000
2,343.527396,1580.360000,1,39.021999,-0.625000,0.398000,1.830000,-0.240000,0.170000
2,442.260933,1580.704000,1,39.011002,-0.634000,0.201000,2.290000,-1.280000,0.240000
2,360.964531,1581.147000,1,38.979000,-0.648000,0.356000,2.030000,-0.310000,0.330000
2,443.693908,1581.508000,1,39.007000,-0.632000,0.229000,2.340000,-1.280000,0.280000
2,308.538273,1581.952000,1,38.939999,-0.629000,0.170000,2.390000,-1.140000,0.390000
2,328.604809,1582.260000,1,38.594002,-0.517000,0.328000,2.050000,-0.260000,1.160000
2,299.814818,1582.589000,1,38.602001,-0.487000,0.148000,2.260000,-1.310000,1.160000
2,373.520656,1582.889000,1,38.624001,-0.483000,0.264000,1.920000,-1.320000,1.220000
2,339.672732,1583.263000,1,38.625999,-0.519000,0.152000,2.040000,-2.120000,1.340000
2,337.490036,1583.603000,1,38.578999,-0.480000,0.205000,2.380000,-1.410000,1.180000
2,339.761682,1583.940000,1,38.602001,-0.473000,0.177000,2.090000,-1.490000,1.120000
2,309.413599,1584.280000,1,38.835999,-0.552000,0.426000,1.960000,-0.370000,0.600000
2,305.072155,1584.590000,1,39.051998,-0.646000,0.249000,2.560000,-1.290000,0.230000
2,337.280368,1584.895000,1,39.054001,-0.615000,0.246000,2.070000,-1.150000,0.110000
2,306.164480,1585.233000,1,39.021000,-0.625000,0.225000,2.280000,-1.340000,0.230000
2,348.487092,1585.539000,1,39.042000,-0.608000,0.541000,2.690000,-0.380000,0.350000
2,513.527977,1585.888000,1,39.006001,-0.600000,0.448000,2.790000,-0.200000,0.240000
2,621.339792,1586.401000,1,39.001999,-0.614000,0.185000,2.060000,-1.110000,0.200000
2,585.928401,1587.023000,1,38.594002,-0.478000,0.375000,1.850000,-0.420000,1.140000
2,451.127099,1587.609000,1,38.577000,-0.488000,0.144000,2.040000,-1.200000,1.190000
2,385.839256,1588.061000,1,38.588001,-0.477000,0.222000,2.170000,-1.400000,1.220000
2,263.525656,1588.447000,1,38.585999,-0.467000,0.382000,1.740000,-0.300000,1.160000
2,357.460291,1588.711000,1,38.907001,-0.569000,0.243000,2.150000,-1.230000,0.470000
2,419.665186,1589.069000,1,39.020000,-0.655000,0.197000,2.340000,-1.160000,0.220000
2,327.473385,1589.488000,1,39.036999,-0.625000,0.199000,2.100000,-1.310000,0.220000
2,388.347450,1589.816000,1,39.032001,-0.626000,0.237000,2.210000,-1.340000,0.270000
2,482.131066,1590.205000,1,39.023998,-0.617000,0.210000,2.040000,-1.230000,0.170000
2,498.826300,1590.687000,1,39.022999,-0.623000,0.261000,2.100000,-1.210000,0.210000
2,404.764593,1591.186000,1,38.879002,-0.557000,0.197000,2.120000,-1.360000,0.550000
2,452.236042,1591.591000,1,38.641998,-0.477000,0.237000,2.080000,-1.490000,1.240000
2,343.614880,1592.043000,1,38.616001,-0.476000,0.169000,2.280000,-1.060000,1.200000
2,428.571429,1592.387000,1,38.598000,-0.487000,0.146000,2.380000,-1.250000,1.180000
2,572.185135,1592.816000,1,38.573002,-0.477000,0.389000,1.990000,-0.450000,1.220000
2,408.676927,1593.388000,1,38.646999,-0.494000,0.189000,2.380000,-1.380000,1.060000
2,332.344131,1593.797000,1,39.073002,-0.627000,0.209000,2.180000,-1.230000,0.120000
2,309.826093,1594.130000,1,39.037998,-0.616000,0.224000,2.260000,-1.080000,0.160000
2,288.359327,1594.440000,1,39.056999,-0.626000,0.231000,2.020000,-1.270000,0.180000
2,273.580917,1594.728000,1,39.030998,-0.617000,0.204000,2.120000,-1.170000,0.200000
2,447.451802,1595.002000,1,39.007000,-0.613000,0.414000,1.810000,-0.140000,0.210000
2,687.164269,1595.450000,1,38.941002,-0.645000,0.108000,2.110000,-1.850000,0.660000
2,317.419589,1596.137000,1,38.625000,-0.471000,0.187000,2.170000,-1.360000,1.110000
2,349.500243,1596.454000,1,38.613998,-0.477000,0.136000,2.230000,-1.260000,1.210000
2,293.823399,1596.804000,1,38.577000,-0.468000,0.389000,1.710000,-0.330000,1.190000
2,366.063028,1597.098000,1,38.596001,-0.485000,0.139000,2.430000,-1.220000,1.150000
2,434.711912,1597.464000,1,38.639000,-0.494000,0.209000,2.330000,-1.530000,1.110000
2,389.794110,1597.899000,1,38.979000,-0.596000,0.429000,2.940000,-0.280000,0.370000
2,268.688178,1598.289000,1,39.058998,-0.631000,0.198000,2.080000,-1.170000,0.130000
2,414.656616,1598.558000,1,39.037998,-0.614000,0.198000,2.180000,-1.310000,0.170000
2,378.575167,1598.973000,1,39.021000,-0.623000,0.235000,2.190000,-1.260000,0.240000
2,503.712197,1599.352000,1,39.030998,-0.615000,0.221000,1.990000,-1.170000,0.200000
2,485.930014,1599.856000,1,39.074001,-0.617000,0.289000,1.900000,-1.280000,0.250000
2,338.655183,1600.342000,1,38.701000,-0.527000,0.132000,2.400000,-1.380000,0.980000
2,398.420795,1600.681000,1,38.596001,-0.469000,0.154000,2.290000,-1.490000,1.140000
2,447.326197,1601.079000,1,38.620998,-0.513000,0.027000,2.250000,-1.950000,1.270000
2,403.624860,1601.527000,1,38.557999,-0.443000,0.631000,2.510000,0.710000,1.200000
2,356.032693,1601.930000,1,38.590000,-0.463000,0.353000,1.730000,-0.320000,1.120000
2,348.387879,1602.287000,1,38.688000,-0.494000,0.632000,2.580000,0.710000,0.960000
2,345.113834,1602.635000,1,39.001999,-0.602000,0.461000,2.880000,-0.230000,0.290000
2,304.731505,1602.980000,1,39.036999,-0.599000,0.677000,2.320000,0.800000,0.160000
2,324.843983,1603.285000,1,39.014999,-0.605000,0.445000,3.010000,-0.240000,0.370000
2,289.888583,1603.610000,1,39.001999,-0.594000,0.444000,2.740000,-0.440000,0.300000
2,302.299065,1603.900000,1,38.999001,-0.626000,0.400000,1.960000,-0.340000,0.230000
2,306.137111,1604.203000,1,39.020000,-0.609000,0.218000,2.050000,-1.240000,0.240000
2,314.785301,1604.509000,1,38.796001,-0.543000,0.469000,1.610000,-0.280000,0.810000
2,300.959438,1604.824000,1,38.582001,-0.441000,0.433000,2.840000,-0.230000,1.200000
2,343.643715,1605.125000,1,38.581001,-0.486000,0.190000,2.520000,-1.380000,1.220000
2,347.327810,1605.470000,1,38.580002,-0.476000,0.179000,2.320000,-1.510000,1.210000
2,525.997596,1605.818000,1,38.585999,-0.480000,0.206000,2.400000,-1.320000,1.230000
2,482.436527,1606.344000,1,38.577999,-0.509000,0.252000,1.940000,-1.110000,1.270000
2,524.689249,1606.826000,1,38.608002,-0.527000,0.116000,1.990000,-2.220000,1.380000
2,424.918613,1607.351000,1,38.606998,-0.475000,0.160000,2.080000,-1.350000,1.110000
2,662.043710,1607.776000,1,38.588001,-0.507000,0.039000,2.310000,-2.170000,1.280000
2,551.363990,1608.438000,1,38.701000,-0.488000,0.449000,3.000000,-0.420000,0.980000
2,367.257500,1608.990000,1,39.062000,-0.626000,0.445000,3.030000,0.040000,0.270000
2,438.476648,1609.357000,1,39.035999,-0.619000,0.196000,1.980000,-1.220000,0.150000
2,319.970304,1609.796000,1,39.042000,-0.632000,0.498000,1.750000,-0.380000,0.320000
2,467.279347,1610.116000,1,39.030998,-0.614000,0.505000,2.740000,-0.340000,0.330000
2,274.723583,1610.584000,1,39.016998,-0.624000,0.217000,2.320000,-1.260000,0.270000
2,358.599536,1610.859000,1,38.949001,-0.603000,0.221000,2.270000,-1.360000,0.400000
2,348.556493,1611.217000,1,38.692001,-0.544000,0.059000,2.260000,-2.090000,1.040000
2,330.972248,1611.566000,1,38.594002,-0.463000,0.178000,2.010000,-1.080000,1.130000
2,343.790336,1611.897000,1,38.576000,-0.486000,0.159000,2.240000,-1.380000,1.220000
2,303.431955,1612.241000,1,38.604000,-0.466000,0.163000,2.060000,-1.490000,1.110000
2,269.768774,1612.545000,1,38.590000,-0.474000,0.213000,2.320000,-1.320000,1.170000
2,406.145273,1612.815000,1,38.578999,-0.504000,0.276000,1.770000,-1.020000,1.260000
2,319.678529,1613.221000,1,38.589001,-0.457000,0.417000,1.760000,-0.360000,1.160000
2,397.031318,1613.541000,1,38.743000,-0.558000,0.276000,1.980000,-1.150000,0.890000
2,342.746884,1613.938000,1,39.064999,-0.637000,0.330000,2.220000,-1.580000,0.350000
2,349.628292,1614.281000,1,39.077999,-0.629000,0.290000,1.940000,-1.330000,0.260000
2,451.123189,1614.631000,1,39.021999,-0.625000,0.201000,2.160000,-1.250000,0.210000
2,870.981427,1615.082000,1,39.014999,-0.634000,0.227000,2.430000,-1.310000,0.270000
2,564.768073,1615.953000,1,39.015999,-0.617000,0.404000,1.740000,-0.110000,0.200000
2,397.428660,1616.518000,1,38.598999,-0.476000,0.154000,2.160000,-1.490000,1.170000
2,324.800486,1616.916000,1,38.617001,-0.474000,0.154000,2.350000,-1.600000,1.150000
2,422.291655,1617.241000,1,38.609001,-0.461000,0.212000,2.110000,-1.200000,1.100000
2,558.501984,1617.663000,1,38.611000,-0.448000,0.529000,2.690000,-0.550000,1.310000
2,445.970442,1618.222000,1,38.957001,-0.604000,0.219000,2.500000,-1.560000,0.410000
2,423.756887,1618.668000,1,39.070999,-0.629000,0.498000,1.610000,-0.510000,0.230000
2,419.723346,1619.092000,1,39.028999,-0.621000,0.212000,2.120000,-1.270000,0.190000
2,496.003847,1619.512000,1,39.021999,-0.627000,0.215000,2.420000,-1.420000,0.270000
2,538.694966,1620.008000,1,39.012001,-0.627000,0.212000,2.250000,-1.260000,0.240000
2,339.363362,1620.547000,1,38.925999,-0.598000,0.223000,2.260000,-1.370000,0.460000
2,376.471646,1620.887000,1,38.620998,-0.460000,0.181000,1.990000,-1.370000,1.070000
2,308.386276,1621.263000,1,38.582001,-0.474000,0.210000,2.220000,-1.430000,1.220000
2,321.234665,1621.572000,1,38.601002,-0.504000,0.111000,2.240000,-2.030000,1.250000
2,339.680552,1621.893000,1,38.620998,-0.483000,0.264000,2.070000,-1.360000,1.230000
2,376.137839,1622.233000,1,38.550999,-0.485000,0.355000,1.780000,-0.260000,1.250000
2,329.849621,1622.609000,1,38.660999,-0.506000,0.420000,2.020000,-0.420000,1.020000
2,341.014802,1622.940000,1,39.021000,-0.619000,0.218000,2.380000,-1.360000,0.210000
2,428.528909,1623.282000,1,39.043999,-0.633000,0.449000,1.890000,-0.480000,0.170000
2,438.589057,1623.710000,1,39.043999,-0.633000,0.449000,1.890000,-0.480000,0.170000
2,433.682144,1624.149000,1,39.026001,-0.623000,0.241000,2.060000,-1.540000,0.210000
2,304.794064,1624.583000,1,39.000000,-0.625000,0.412000,1.880000,-0.430000,0.250000
2,274.804224,1624.888000,1,39.000000,-0.625000,0.412000,1.880000,-0.430000,0.250000
2,223.589055,1625.163000,1,38.872002,-0.581000,0.393000,1.900000,-0.410000,0.520000
2,358.518406,1625.387000,1,38.665001,-0.500000,0.353000,1.610000,-0.160000,0.930000
2,666.974082,1625.745000,1,38.574001,-0.467000,0.374000,1.680000,-0.090000,1.140000
2,443.776994,1626.412000,1,38.577000,-0.489000,0.428000,1.810000,-0.360000,1.300000
2,441.091876,1626.856000,1,38.546001,-0.451000,0.411000,2.790000,-0.280000,1.230000
2,302.413918,1627.298000,1,38.563999,-0.477000,0.350000,1.800000,-0.330000,1.190000
2,359.647875,1627.600000,1,38.939999,-0.603000,0.524000,1.770000,-0.460000,0.570000
2,451.283984,1627.960000,1,39.080002,-0.651000,0.525000,1.770000,-0.510000,0.280000
2,318.064721,1628.411000,1,39.011002,-0.615000,0.428000,1.690000,-0.320000,0.230000
2,272.638145,1628.730000,1,39.014999,-0.618000,0.419000,1.910000,-0.460000,0.220000
2,282.409451,1629.003000,1,39.040001,-0.630000,0.477000,1.850000,-0.430000,0.300000
2,309.699999,1629.285000,1,39.067001,-0.612000,0.506000,1.510000,-0.310000,0.200000
2,401.052640,1629.595000,1,39.019001,-0.614000,0.409000,1.690000,-0.330000,0.190000
2,288.573882,1629.996000,1,38.888000,-0.574000,0.520000,1.650000,-0.550000,0.670000
2,496.155356,1630.285000,1,38.575001,-0.476000,0.388000,1.940000,-0.420000,1.220000
2,388.557118,1630.781000,1,38.564999,-0.481000,0.353000,1.950000,-0.520000,1.240000
2,431.017065,1631.170000,1,38.590000,-0.475000,0.137000,2.050000,-1.530000,1.140000
2,383.361851,1631.601000,1,38.556999,-0.482000,0.363000,1.990000,-0.410000,1.220000
2,420.085011,1631.985000,1,38.584999,-0.469000,0.354000,1.640000,-0.400000,1.130000
2,501.021703,1632.405000,1,38.685001,-0.521000,0.377000,2.050000,-0.470000,0.940000
2,423.546730,1632.906000,1,39.098000,-0.634000,0.513000,1.600000,-0.350000,0.120000
2,391.032079,1633.330000,1,39.011002,-0.621000,0.403000,1.830000,-0.340000,0.250000
2,391.053095,1633.721000,1,39.002998,-0.587000,0.464000,2.610000,-0.260000,0.230000
2,312.417862,1634.112000,1,39.006001,-0.621000,0.405000,1.840000,-0.370000,0.260000
2,318.628234,1634.425000,1,38.999001,-0.627000,0.431000,1.580000,-0.290000,0.390000
2,382.157605,1634.744000,1,38.740002,-0.531000,0.413000,1.930000,-0.250000,0.800000
2,379.851747,1635.126000,1,38.577000,-0.471000,0.381000,1.770000,-0.330000,1.160000
2,411.051208,1635.506000,1,38.599998,-0.485000,0.423000,1.710000,-0.540000,1.250000
2,321.152558,1635.917000,1,38.601002,-0.493000,0.183000,2.640000,-1.420000,1.270000
2,568.565065,1636.239000,1,38.580002,-0.463000,0.346000,1.500000,-0.310000,1.150000
2,575.972842,1636.807000,1,38.585999,-0.461000,0.379000,1.700000,-0.420000,1.120000
2,366.086976,1637.383000,1,38.813999,-0.561000,0.426000,1.960000,-0.420000,0.680000
2,403.300339,1637.750000,1,39.066002,-0.623000,0.384000,1.330000,-0.280000,0.070000
2,323.804930,1638.153000,1,39.049000,-0.621000,0.467000,1.590000,-0.360000,0.270000
2,358.715855,1638.477000,1,39.009998,-0.626000,0.223000,2.140000,-1.220000,0.230000
2,377.273174,1638.836000,1,39.053001,-0.633000,0.331000,2.050000,-1.460000,0.320000
2,262.408405,1639.213000,1,39.027000,-0.635000,0.192000,2.550000,-1.170000,0.340000
2,298.418498,1639.476000,1,38.891998,-0.581000,0.286000,2.000000,-1.330000,0.650000
2,297.353053,1639.775000,1,38.645000,-0.489000,0.187000,2.050000,-1.270000,1.020000
2,336.182666,1640.072000,1,38.623001,-0.488000,0.276000,2.130000,-1.520000,1.320000
2,327.289131,1640.409000,1,38.613998,-0.481000,0.444000,1.620000,-0.450000,1.250000
2,279.675460,1640.737000,1,38.574001,-0.462000,0.355000,1.600000,-0.360000,1.130000
2,329.908758,1641.017000,1,38.603001,-0.486000,0.252000,2.230000,-1.400000,1.300000
2,423.603424,1641.347000,1,38.576000,-0.478000,0.203000,2.250000,-1.430000,1.200000
2,410.936844,1641.771000,1,38.653000,-0.537000,0.166000,2.160000,-2.070000,1.290000
2,407.372490,1642.182000,1,38.984001,-0.593000,0.268000,2.020000,-1.260000,0.270000
2,408.567450,1642.589000,1,39.073002,-0.625000,0.230000,1.910000,-1.190000,0.050000
2,413.295486,1642.998000,1,39.012001,-0.610000,0.439000,1.580000,-0.250000,0.210000
2,332.554288,1643.412000,1,39.001999,-0.625000,0.397000,1.900000,-0.330000,0.240000
2,419.790792,1643.744000,1,39.018002,-0.602000,0.709000,2.280000,0.660000,0.330000
2,311.168652,1644.164000,1,38.990002,-0.589000,0.646000,2.360000,0.750000,0.270000
2,383.383355,1644.476000,1,38.764999,-0.547000,0.443000,1.770000,-0.400000,0.880000
2,343.750748,1644.859000,1,38.571999,-0.478000,0.376000,1.770000,-0.390000,1.230000
2,332.185292,1645.203000,1,38.585999,-0.475000,0.204000,2.270000,-1.430000,1.170000
2,424.724585,1645.535000,1,38.583000,-0.470000,0.367000,1.680000,-0.430000,1.150000
2,353.622245,1645.960000,1,38.601002,-0.467000,0.174000,2.100000,-1.530000,1.090000
2,327.333606,1646.314000,1,38.567001,-0.489000,0.338000,2.020000,-0.460000,1.230000
2,413.547185,1646.642000,1,38.571999,-0.475000,0.360000,1.620000,-0.320000,1.180000
2,324.836652,1647.055000,1,38.696999,-0.491000,0.212000,2.080000,-1.660000,0.900000
2,371.026635,1647.380000,1,39.046001,-0.613000,0.458000,1.550000,-0.270000,0.220000
2,302.293200,1647.752000,1,39.071999,-0.642000,0.454000,1.760000,-0.400000,0.200000
2,344.785892,1648.054000,1,39.012001,-0.623000,0.420000,1.890000,-0.510000,0.250000
2,294.659627,1648.399000,1,39.033001,-0.616000,0.210000,1.960000,-1.070000,0.110000
2,310.014745,1648.694000,1,39.034000,-0.630000,0.426000,1.560000,-0.280000,0.270000
2,298.596398,1649.004000,1,39.036999,-0.626000,0.495000,1.730000,-0.520000,0.330000
2,295.903461,1649.303000,1,39.011002,-0.618000,0.407000,1.760000,-0.210000,0.200000
2,274.858474,1649.599000,1,39.030998,-0.598000,0.732000,2.300000,0.610000,0.330000
2,337.379093,1649.874000,1,38.901001,-0.584000,0.385000,1.780000,-0.370000,0.460000
2,313.483307,1650.212000,1,38.653999,-0.508000,0.435000,1.710000,-0.300000,1.120000
2,269.879717,1650.525000,1,38.571999,-0.480000,0.371000,1.940000,-0.420000,1.220000
2,348.581907,1650.795000,1,38.591999,-0.465000,0.158000,1.880000,-1.260000,1.110000
2,543.408340,1651.144000,1,38.596001,-0.490000,0.431000,1.780000,-0.460000,1.300000
2,363.682394,1651.688000,1,38.587002,-0.478000,0.328000,1.750000,-0.360000,1.100000
2,350.995287,1652.051000,1,38.582001,-0.474000,0.333000,1.730000,-0.350000,1.170000
2,319.779208,1652.403000,1,38.816002,-0.543000,0.415000,1.560000,-0.470000,0.650000
2,302.356735,1652.723000,1,39.057999,-0.632000,0.207000,2.090000,-1.380000,0.100000
2,377.385583,1653.025000,1,39.064999,-0.623000,0.258000,1.970000,-1.380000,0.170000
2,448.392619,1653.403000,1,39.035000,-0.674000,0.323000,1.930000,-1.060000,0.380000
2,344.958416,1653.851000,1,39.037998,-0.612000,0.199000,1.940000,-1.240000,0.150000
2,373.488400,1654.196000,1,39.026001,-0.619000,0.409000,1.750000,-0.330000,0.170000
2,354.911531,1654.570000,1,39.004002,-0.629000,0.405000,1.970000,-0.390000,0.280000
2,307.196691,1654.925000,1,39.018002,-0.626000,0.216000,2.340000,-1.410000,0.290000
2,328.494355,1655.233000,1,38.741001,-0.508000,0.396000,1.600000,-0.130000,0.770000
2,344.843074,1655.561000,1,38.585999,-0.483000,0.369000,1.850000,-0.350000,1.170000
2,309.806055,1655.906000,1,38.575001,-0.488000,0.361000,1.850000,-0.350000,1.220000
2,349.790552,1656.216000,1,38.570000,-0.476000,0.373000,1.810000,-0.340000,1.210000
2,448.578339,1656.566000,1,38.581001,-0.474000,0.353000,1.710000,-0.420000,1.170000
2,439.808454,1657.015000,1,38.605000,-0.491000,0.450000,1.750000,-0.530000,1.300000
2,326.014018,1657.455000,1,38.605000,-0.470000,0.193000,2.080000,-1.340000,1.120000
2,322.468725,1657.782000,1,38.938000,-0.583000,0.243000,2.110000,-1.280000,0.370000
2,422.233007,1658.105000,1,39.062000,-0.641000,0.217000,2.240000,-1.230000,0.060000
2,433.526726,1658.527000,1,39.018002,-0.628000,0.217000,2.280000,-1.310000,0.260000
2,394.560756,1658.961000,1,39.007000,-0.623000,0.391000,1.780000,-0.360000,0.230000
2,367.566870,1659.356000,1,39.034000,-0.618000,0.229000,2.040000,-1.190000,0.190000
2,427.485456,1659.723000,1,39.020000,-0.614000,0.421000,1.850000,-0.040000,0.160000
2,1795.887577,1660.151000,1,38.748001,-0.539000,0.175000,2.230000,-1.280000,0.800000
2,1697.388144,1661.947000,1,38.577999,-0.480000,0.372000,1.790000,-0.300000,1.160000
2,687.331417,1663.644000,1,38.679001,-0.522000,0.178000,2.050000,-1.350000,1.020000
2,479.634601,1664.332000,1,39.020000,-0.617000,0.421000,1.630000,-0.180000,0.190000
2,387.545434,1664.812000,1,38.812000,-0.549000,0.175000,2.040000,-1.250000,0.650000
2,354.645170,1665.200000,1,38.598999,-0.477000,0.213000,2.120000,-1.220000,1.130000
2,297.492831,1665.554000,1,38.592999,-0.495000,0.474000,1.900000,-0.580000,1.350000
2,352.370102,1665.852000,1,38.592999,-0.477000,0.209000,2.090000,-1.370000,1.170000
2,545.766493,1666.205000,1,38.563000,-0.503000,0.158000,2.270000,-1.380000,1.260000
2,426.072520,1666.751000,1,38.563000,-0.501000,0.130000,2.200000,-1.030000,1.190000
2,308.547070,1667.177000,1,38.943001,-0.608000,0.233000,2.090000,-1.110000,0.380000
2,418.578237,1667.486000,1,39.117001,-0.654000,0.323000,1.830000,-1.270000,0.160000
2,364.676483,1667.904000,1,39.021999,-0.638000,0.233000,2.400000,-1.370000,0.250000
2,380.072167,1668.269000,1,39.014999,-0.638000,0.190000,2.430000,-1.410000,0.250000
2,347.317546,1668.649000,1,38.985001,-0.599000,0.653000,2.340000,0.790000,0.270000
2,376.028362,1668.997000,1,39.034000,-0.643000,0.169000,2.430000,-1.420000,0.300000
2,324.779959,1669.373000,1,38.819000,-0.565000,0.272000,2.080000,-1.270000,0.810000
2,329.578861,1669.698000,1,38.599998,-0.476000,0.181000,2.100000,-1.460000,1.150000
2,356.317137,1670.028000,1,38.595001,-0.483000,0.168000,2.120000,-1.340000,1.150000
2,527.500949,1670.384000,1,38.599998,-0.514000,0.044000,1.980000,-2.080000,1.220000
2,298.366692,1670.912000,1,38.629002,-0.479000,0.254000,1.310000,-0.580000,1.050000
2,357.092762,1671.211000,1,38.591000,-0.482000,0.371000,1.840000,-0.490000,1.140000
2,359.688440,1671.568000,1,38.882000,-0.608000,0.301000,2.330000,-1.320000,0.730000
2,308.629178,1671.928000,1,39.046001,-0.646000,0.449000,2.130000,-0.230000,0.180000
2,368.516974,1672.237000,1,39.000000,-0.608000,0.440000,3.010000,-0.210000,0.260000
2,466.095627,1672.605000,1,38.983002,-0.606000,0.646000,2.380000,0.960000,0.270000
2,317.488013,1673.072000,1,38.987999,-0.607000,0.651000,2.440000,0.820000,0.270000
2,420.801987,1673.389000,1,38.991001,-0.648000,0.196000,2.440000,-1.230000,0.310000
2,303.830276,1673.810000,1,38.866001,-0.559000,0.630000,2.390000,0.700000,0.480000
2,321.030862,1674.114000,1,38.598999,-0.519000,0.239000,2.380000,-1.560000,1.350000
2,401.008654,1674.435000,1,38.618000,-0.483000,0.178000,2.270000,-1.430000,1.150000
2,447.792940,1674.837000,1,38.566002,-0.489000,0.379000,1.930000,-0.510000,1.230000
2,377.345996,1675.286000,1,38.584999,-0.473000,0.377000,1.660000,-0.320000,1.130000
2,264.093568,1675.663000,1,38.580002,-0.488000,0.196000,2.290000,-1.480000,1.190000
2,327.545718,1675.927000,1,38.702000,-0.539000,0.204000,2.500000,-1.520000,0.980000
2,343.324570,1676.255000,1,38.966999,-0.631000,0.214000,2.270000,-1.390000,0.380000
2,441.051311,1676.599000,1,39.067001,-0.635000,0.284000,2.280000,-1.390000,0.150000
2,326.103457,1677.040000,1,39.021999,-0.638000,0.212000,2.250000,-1.260000,0.200000
2,429.739508,1677.366000,1,39.022999,-0.635000,0.495000,1.820000,-0.290000,0.320000
2,306.156661,1677.796000,1,39.035000,-0.653000,0.274000,2.210000,-1.530000,0.340000
2,304.688985,1678.102000,1,38.861000,-0.579000,0.212000,2.500000,-1.450000,0.620000
2,339.887776,1678.407000,1,38.632999,-0.506000,0.472000,1.870000,-0.540000,1.220000
2,342.192168,1678.747000,1,38.598000,-0.479000,0.173000,2.130000,-1.360000,1.130000
2,447.435185,1679.090000,1,38.597000,-0.484000,0.171000,2.240000,-1.350000,1.180000
2,261.002799,1679.537000,1,38.597000,-0.484000,0.171000,2.240000,-1.350000,1.180000
2,321.056277,1679.798000,1,38.594002,-0.475000,0.191000,1.990000,-1.240000,1.130000
2,397.303544,1680.120000,1,38.591000,-0.479000,0.206000,2.130000,-1.110000,1.150000
2,388.768741,1680.517000,1,38.900002,-0.598000,0.266000,2.580000,-1.300000,0.530000
2,383.657048,1680.906000,1,39.101002,-0.647000,0.355000,2.220000,-1.130000,0.220000
2,495.914897,1681.290000,1,39.005001,-0.611000,0.477000,3.000000,-0.010000,0.280000
2,403.596513,1681.786000,1,39.043999,-0.639000,0.532000,1.960000,-0.110000,0.310000
2,366.064495,1682.190000,1,39.028000,-0.648000,0.284000,2.160000,-1.010000,0.330000
2,479.825208,1682.556000,1,38.973999,-0.613000,0.282000,2.080000,-1.090000,0.480000
2,472.105618,1683.036000,1,38.641998,-0.495000,0.197000,2.280000,-0.960000,1.030000
2,362.478636,1683.508000,1,38.550999,-0.512000,0.184000,2.770000,-0.710000,1.320000
2,402.088273,1683.871000,1,38.613998,-0.467000,0.553000,2.700000,-0.530000,1.320000
2,389.870842,1684.273000,1,38.582001,-0.463000,0.405000,1.670000,-0.310000,1.150000
2,461.942834,1684.663000,1,38.658001,-0.505000,0.203000,2.200000,-1.310000,1.000000
2,457.580863,1685.125000,1,38.991001,-0.623000,0.288000,2.190000,-1.190000,0.290000
2,623.572829,1685.583000,1,39.061001,-0.612000,0.248000,1.980000,-1.280000,0.110000
2,443.526272,1686.207000,1,39.011002,-0.625000,0.448000,1.940000,-0.340000,0.250000
2,393.527078,1686.651000,1,39.012001,-0.625000,0.441000,1.860000,-0.430000,0.240000
2,523.860352,1687.044000,1,38.851002,-0.557000,0.256000,2.310000,-1.350000,0.610000
2,362.253817,1687.568000,1,38.608002,-0.476000,0.179000,2.170000,-1.530000,1.120000
2,418.623200,1687.931000,1,38.591000,-0.463000,0.222000,2.050000,-1.120000,1.130000
2,394.523612,1688.350000,1,38.647999,-0.484000,0.313000,1.880000,-1.470000,1.210000
2,387.484831,1688.744000,1,38.556000,-0.491000,0.350000,1.830000,-0.330000,1.220000
2,425.875070,1689.132000,1,38.816002,-0.550000,0.257000,2.570000,-1.440000,0.740000
2,402.302828,1689.558000,1,39.061001,-0.670000,0.179000,2.340000,-1.980000,0.220000
2,314.806316,1689.961000,1,39.077000,-0.639000,0.321000,2.040000,-1.270000,0.230000
2,411.070269,1690.276000,1,39.021999,-0.626000,0.215000,2.220000,-1.260000,0.180000
2,462.291303,1690.687000,1,38.999001,-0.605000,0.460000,2.750000,-0.300000,0.240000
2,452.016599,1691.149000,1,39.037998,-0.632000,0.269000,2.120000,-1.500000,0.370000
2,390.086374,1691.601000,1,38.632999,-0.490000,0.358000,1.760000,-0.260000,1.020000
2,338.544240,1691.992000,1,38.585999,-0.475000,0.354000,1.780000,-0.440000,1.170000
2,339.827173,1692.330000,1,38.589001,-0.476000,0.378000,1.810000,-0.600000,1.200000
2,327.348268,1692.671000,1,38.592999,-0.468000,0.239000,2.190000,-1.360000,1.200000
2,317.506585,1692.999000,1,38.560001,-0.459000,0.391000,2.860000,-0.260000,1.250000
2,317.128303,1693.317000,1,38.625000,-0.491000,0.274000,2.040000,-1.570000,1.270000
2,350.973783,1693.634000,1,38.798000,-0.540000,0.216000,2.370000,-1.310000,0.800000
2,377.325957,1693.985000,1,38.998001,-0.615000,0.442000,1.980000,-0.310000,0.270000
2,368.563892,1694.363000,1,39.104000,-0.646000,0.302000,2.210000,-1.600000,0.240000
2,262.622960,1694.731000,1,39.029999,-0.635000,0.206000,2.450000,-1.360000,0.250000
2,430.950597,1694.994000,1,39.040001,-0.610000,0.200000,1.990000,-1.220000,0.120000
2,364.826037,1695.425000,1,39.056000,-0.633000,0.318000,2.290000,-1.440000,0.330000
2,346.098638,1695.790000,1,38.929001,-0.575000,0.415000,1.750000,-0.190000,0.360000
2,347.230551,1696.137000,1,38.617001,-0.485000,0.178000,2.150000,-1.440000,1.130000
2,363.350053,1696.484000,1,38.645000,-0.481000,0.293000,2.040000,-1.530000,1.250000
2,378.777016,1696.848000,1,38.596001,-0.475000,0.174000,2.050000,-1.460000,1.130000
2,362.100843,1697.226000,1,38.605000,-0.472000,0.190000,2.080000,-1.530000,1.160000
2,319.800713,1697.589000,1,38.599998,-0.477000,0.128000,2.080000,-1.390000,1.170000
2,335.017519,1697.909000,1,38.601002,-0.476000,0.165000,2.230000,-1.370000,1.170000
2,343.368068,1698.244000,1,38.660999,-0.496000,0.217000,2.360000,-1.420000,1.020000
2,393.571064,1698.587000,1,38.987000,-0.586000,0.541000,2.830000,-0.250000,0.470000
2,292.520428,1698.981000,1,39.050999,-0.610000,0.512000,2.750000,-0.030000,0.170000
2,337.306271,1699.274000,1,39.060001,-0.634000,0.323000,2.120000,-1.410000,0.310000
2,384.824639,1699.611000,1,39.035999,-0.618000,0.242000,2.170000,-1.130000,0.160000
2,361.032954,1699.996000,1,38.994999,-0.639000,0.191000,2.170000,-1.160000,0.290000
2,353.353929,1700.358000,1,39.066002,-0.626000,0.318000,2.110000,-1.450000,0.290000
2,463.633373,1700.711000,1,38.736000,-0.505000,0.430000,2.750000,-0.430000,0.840000
2,563.441153,1701.175000,1,38.563999,-0.484000,0.360000,1.980000,-0.450000,1.220000
2,591.399804,1701.739000,1,38.575001,-0.471000,0.440000,1.920000,-0.360000,1.230000
2,306.763182,1702.330000,1,38.590000,-0.480000,0.169000,2.110000,-1.480000,1.140000
2,441.257069,1702.637000,1,38.696999,-0.500000,0.208000,2.020000,-1.430000,0.930000
2,518.567338,1703.079000,1,38.990002,-0.598000,0.486000,1.560000,-0.310000,0.360000
2,360.995810,1703.597000,1,39.051998,-0.641000,0.213000,2.370000,-1.420000,0.120000
2,533.729894,1703.958000,1,39.028999,-0.610000,0.275000,2.100000,-1.300000,0.220000
2,329.976203,1704.492000,1,39.021999,-0.606000,0.439000,1.710000,-0.070000,0.170000
2,348.521793,1704.822000,1,39.013000,-0.629000,0.199000,2.130000,-1.240000,0.220000
2,384.770878,1705.171000,1,39.006001,-0.597000,0.485000,2.790000,-0.140000,0.220000
2,412.331698,1705.556000,1,39.036999,-0.632000,0.506000,1.800000,-0.500000,0.330000
2,402.060903,1705.969000,1,39.014999,-0.627000,0.259000,2.360000,-1.160000,0.260000
2,425.034444,1706.371000,1,39.041000,-0.606000,0.200000,1.910000,-1.260000,0.120000
2,268.408132,1706.796000,1,39.022999,-0.627000,0.222000,2.300000,-1.460000,0.230000
2,289.721435,1707.065000,1,39.002998,-0.599000,0.467000,2.830000,-0.140000,0.230000
2,362.882332,1707.355000,1,39.058998,-0.610000,0.267000,2.040000,-1.080000,0.180000
2,356.674403,1707.718000,1,39.028000,-0.623000,0.231000,2.220000,-1.550000,0.230000
2,402.049174,1708.075000,1,39.014999,-0.615000,0.246000,2.230000,-1.350000,0.250000
2,297.693213,1708.477000,1,39.030998,-0.612000,0.250000,2.170000,-1.200000,0.230000
2,325.945595,1708.775000,1,39.041000,-0.650000,0.295000,2.250000,-1.350000,0.390000
2,363.811420,1709.101000,1,39.028000,-0.617000,0.232000,2.140000,-1.340000,0.180000
2,284.771025,1709.465000,1,39.019001,-0.631000,0.253000,2.360000,-1.270000,0.270000
2,257.291335,1709.750000,1,39.030998,-0.621000,0.292000,2.190000,-1.080000,0.240000
2,314.828309,1710.007000,1,39.057999,-0.638000,0.352000,2.420000,-1.260000,0.380000
2,268.404711,1710.323000,1,39.041000,-0.629000,0.480000,1.480000,-0.240000,0.330000
2,320.987853,1710.592000,1,39.018002,-0.625000,0.247000,2.310000,-1.020000,0.220000
2,267.334378,1710.913000,1,39.071999,-0.628000,0.339000,2.120000,-1.210000,0.290000
2,295.005163,1711.180000,1,39.023998,-0.613000,0.445000,1.770000,-0.260000,0.230000
2,238.548785,1711.476000,1,38.932999,-0.595000,0.332000,2.170000,-1.480000,0.590000
2,353.582169,1711.714000,1,38.932999,-0.595000,0.332000,2.170000,-1.480000,0.590000
2,283.453880,1712.068000,1,38.312000,-0.380000,0.239000,1.990000,-1.460000,1.920000
2,344.977965,1712.352000,1,38.198002,-0.316000,0.438000,1.480000,-0.570000,2.210000
2,399.180291,1712.697000,1,38.150002,-0.331000,0.157000,2.240000,-1.630000,2.180000
2,389.801441,1713.096000,1,38.172001,-0.360000,0.040000,2.080000,-1.950000,2.250000
2,390.361044,1713.486000,1,38.173000,-0.308000,0.351000,1.860000,-0.550000,2.080000
2,346.075667,1713.877000,1,38.158001,-0.317000,0.212000,2.120000,-1.410000,2.170000
2,322.116834,1714.223000,1,38.187000,-0.312000,0.172000,2.060000,-1.570000,2.090000
2,337.375672,1714.545000,1,38.276001,-0.368000,0.137000,2.310000,-1.350000,1.880000
2,338.032044,1714.883000,1,38.714001,-0.519000,0.189000,2.380000,-1.350000,0.880000
2,341.454665,1715.221000,1,39.044998,-0.635000,0.300000,2.210000,-1.320000,0.330000
2,363.562165,1715.563000,1,39.091999,-0.635000,0.527000,1.810000,-0.160000,0.180000
2,368.560960,1715.927000,1,39.028999,-0.616000,0.232000,2.300000,-1.430000,0.180000
2,263.601410,1716.295000,1,39.068001,-0.637000,0.307000,2.420000,-1.310000,0.350000
2,278.496627,1716.559000,1,39.012001,-0.618000,0.247000,2.270000,-1.230000,0.210000
2,309.811920,1716.838000,1,39.015999,-0.619000,0.432000,1.770000,-0.260000,0.220000
2,429.766878,1717.148000,1,38.992001,-0.601000,0.474000,1.610000,-0.380000,0.400000
2,389.108902,1717.578000,1,38.569000,-0.462000,0.214000,2.230000,-1.330000,1.230000
2,349.044252,1717.967000,1,38.206001,-0.380000,-0.022000,2.280000,-2.200000,2.160000
2,388.834232,1718.316000,1,38.160000,-0.315000,0.406000,1.820000,-0.440000,2.170000
2,462.853350,1718.705000,1,38.169998,-0.310000,0.134000,2.120000,-1.570000,2.090000
2,725.507589,1719.168000,1,38.160999,-0.315000,0.338000,1.760000,-0.350000,2.090000
2,684.949316,1719.894000,1,38.155998,-0.316000,0.199000,2.130000,-1.410000,2.200000
2,574.713368,1720.579000,1,38.688999,-0.531000,0.357000,2.010000,-0.160000,0.890000
2,257.261522,1721.154000,1,39.057999,-0.634000,0.225000,2.090000,-1.280000,0.110000
2,466.029648,1721.411000,1,39.037998,-0.606000,0.229000,1.930000,-1.330000,0.110000
2,323.520485,1721.878000,1,39.020000,-0.609000,0.722000,2.310000,0.770000,0.310000
2,339.827662,1722.201000,1,39.049000,-0.630000,0.525000,1.810000,-0.400000,0.290000
2,301.048877,1722.541000,1,38.883999,-0.536000,0.246000,1.750000,-1.210000,0.450000
2,342.308976,1722.843000,1,38.387001,-0.411000,0.158000,2.130000,-1.550000,1.610000
2,364.781562,1723.185000,1,38.160000,-0.324000,0.348000,1.840000,-0.440000,2.130000
2,371.363863,1723.550000,1,38.206001,-0.330000,0.212000,2.080000,-1.700000,2.170000
2,450.795247,1723.921000,1,38.146000,-0.316000,0.369000,1.890000,-0.430000,2.130000
2,322.017621,1724.372000,1,38.150002,-0.311000,0.363000,1.830000,-0.430000,2.150000
2,340.164890,1724.695000,1,38.146000,-0.310000,0.355000,1.630000,-0.420000,2.150000
2,379.785767,1725.035000,1,38.396999,-0.399000,0.205000,2.210000,-1.510000,1.600000
2,309.822672,1725.415000,1,38.849998,-0.564000,0.260000,2.360000,-1.320000,0.560000
2,341.056834,1725.725000,1,39.073002,-0.610000,0.468000,1.590000,-0.140000,0.040000
2,281.015575,1726.066000,1,39.033001,-0.645000,0.267000,2.160000,-1.380000,0.350000
2,276.978124,1726.347000,1,39.035000,-0.620000,0.250000,2.200000,-1.140000,0.200000
2,307.836936,1726.625000,1,39.033001,-0.613000,0.252000,2.160000,-1.080000,0.120000
2,265.697112,1726.933000,1,39.037998,-0.616000,0.241000,2.040000,-1.140000,0.180000
2,337.706546,1727.198000,1,39.028999,-0.615000,0.257000,2.040000,-1.250000,0.170000
2,283.268160,1727.536000,1,39.046001,-0.611000,0.267000,1.970000,-1.130000,0.120000
2,427.324173,1727.821000,1,38.870998,-0.564000,0.208000,2.120000,-1.290000,0.500000
2,368.591261,1728.248000,1,38.457001,-0.421000,0.143000,2.150000,-1.310000,1.530000
2,328.178631,1728.617000,1,38.155998,-0.325000,0.109000,2.200000,-1.700000,2.120000
2,336.411884,1728.945000,1,38.161999,-0.324000,0.158000,2.240000,-1.540000,2.140000
2,367.065427,1729.282000,1,38.162998,-0.319000,0.156000,2.200000,-1.420000,2.140000
2,912.709246,1729.649000,1,38.171001,-0.320000,0.163000,2.070000,-1.460000,2.130000
2,755.902591,1730.562000,1,38.162998,-0.319000,0.147000,2.230000,-1.440000,2.100000
2,655.001996,1731.318000,1,38.831001,-0.546000,0.467000,1.830000,-0.220000,0.640000
2,396.017679,1731.973000,1,39.068001,-0.635000,0.317000,2.190000,-1.420000,0.250000
2,424.604844,1732.370000,1,39.021999,-0.628000,0.269000,2.310000,-0.910000,0.220000
2,374.819717,1732.794000,1,39.060001,-0.632000,0.323000,2.270000,-1.210000,0.270000
2,347.309726,1733.169000,1,38.970001,-0.593000,0.242000,2.180000,-1.090000,0.310000
2,412.298952,1733.517000,1,38.516998,-0.446000,0.162000,2.100000,-1.410000,1.340000
2,343.664731,1733.929000,1,38.231998,-0.343000,0.247000,1.900000,-1.520000,2.100000
2,329.938082,1734.273000,1,38.161999,-0.313000,0.184000,1.860000,-1.140000,2.140000
2,548.488265,1734.603000,1,38.153999,-0.358000,0.216000,1.930000,-1.210000,2.260000
2,533.497744,1735.152000,1,38.148998,-0.317000,0.390000,1.780000,-0.480000,2.160000
2,670.897168,1735.686000,1,38.160999,-0.320000,0.157000,1.990000,-1.620000,2.120000
2,421.219368,1736.357000,1,38.202000,-0.331000,0.195000,1.990000,-1.570000,2.190000
2,387.108015,1736.778000,1,38.419998,-0.424000,0.201000,2.440000,-1.250000,1.740000
2,305.062380,1737.165000,1,38.953999,-0.574000,0.311000,1.870000,-0.920000,0.300000
2,533.514361,1737.471000,1,39.054001,-0.636000,0.294000,2.310000,-1.010000,0.130000
2,428.612482,1738.004000,1,39.006001,-0.635000,0.421000,2.120000,-0.390000,0.250000
2,413.363420,1738.433000,1,39.053001,-0.628000,0.510000,1.640000,-0.160000,0.210000
2,305.933797,1738.847000,1,39.050999,-0.629000,0.272000,2.100000,-1.280000,0.200000
2,307.546138,1739.153000,1,39.022999,-0.617000,0.423000,1.780000,-0.100000,0.150000
2,365.836743,1739.461000,1,39.042999,-0.605000,0.288000,1.820000,-1.220000,0.220000
2,379.788211,1739.827000,1,38.716000,-0.527000,0.399000,1.920000,-0.360000,0.910000
2,267.595852,1740.207000,1,38.282001,-0.367000,0.403000,1.530000,-0.260000,1.940000
2,338.652251,1740.474000,1,38.165001,-0.366000,0.021000,2.520000,-2.230000,2.300000
2,299.677483,1740.813000,1,38.155998,-0.311000,0.190000,1.970000,-1.350000,2.120000
2,312.299588,1741.113000,1,38.181999,-0.331000,0.225000,2.040000,-1.890000,2.240000
2,357.327355,1741.425000,1,38.160999,-0.311000,0.181000,1.920000,-1.300000,2.110000
2,421.017031,1741.783000,1,38.179001,-0.326000,0.158000,2.380000,-1.610000,2.140000
2,553.291566,1742.204000,1,38.202000,-0.342000,0.454000,1.750000,-0.450000,2.180000
2,413.782267,1742.758000,1,38.618999,-0.491000,0.208000,2.270000,-1.470000,1.080000
2,353.581680,1743.172000,1,39.090000,-0.636000,0.532000,1.780000,-0.200000,0.150000
2,401.073656,1743.525000,1,39.083000,-0.620000,0.331000,1.890000,-1.350000,0.210000
2,267.286971,1743.927000,1,39.028999,-0.642000,0.218000,2.580000,-1.180000,0.330000
2,334.874808,1744.194000,1,39.004002,-0.616000,0.476000,1.920000,-0.090000,0.230000
2,401.079032,1744.529000,1,39.011002,-0.610000,0.482000,1.940000,-0.200000,0.250000
2,307.211354,1744.930000,1,38.867001,-0.568000,0.213000,2.130000,-1.670000,0.580000
2,292.350348,1745.239000,1,38.334000,-0.389000,0.163000,2.300000,-1.470000,1.750000
2,298.513313,1745.531000,1,38.178001,-0.316000,0.120000,2.070000,-1.590000,2.080000
2,317.374137,1745.830000,1,38.152000,-0.311000,0.373000,1.820000,-0.310000,2.120000
2,283.438729,1746.148000,1,38.181000,-0.338000,0.163000,2.070000,-1.750000,2.280000
2,342.048480,1746.431000,1,38.166000,-0.326000,0.106000,2.320000,-1.700000,2.150000
2,301.187189,1746.774000,1,38.194000,-0.320000,0.223000,2.010000,-1.620000,2.170000
2,289.840687,1747.075000,1,38.209000,-0.326000,0.229000,2.070000,-1.810000,2.190000
2,322.010290,1747.365000,1,38.417000,-0.399000,0.206000,2.130000,-1.410000,1.560000
2,355.044956,1747.687000,1,38.867001,-0.568000,0.329000,2.230000,-1.320000,0.740000
2,302.319592,1748.042000,1,39.035999,-0.622000,0.458000,1.950000,-0.230000,0.170000
2,259.809794,1748.345000,1,39.096001,-0.629000,0.319000,1.860000,-1.060000,0.140000
2,423.592671,1748.605000,1,39.020000,-0.604000,0.553000,2.810000,-0.220000,0.350000
2,408.545457,1749.029000,1,39.028000,-0.620000,0.281000,2.340000,-1.320000,0.200000
2,543.391234,1749.437000,1,39.007999,-0.617000,0.471000,2.010000,-0.160000,0.240000
2,463.514122,1749.981000,1,38.964001,-0.600000,0.409000,1.780000,-0.290000,0.300000
2,521.262719,1750.445000,1,38.341999,-0.383000,0.158000,2.240000,-1.550000,1.740000
2,316.085339,1750.966000,1,38.148998,-0.314000,0.376000,1.640000,-0.440000,2.150000
2,606.036969,1751.282000,1,38.178001,-0.319000,0.142000,2.210000,-1.440000,2.160000
2,371.027123,1751.889000,1,38.146999,-0.324000,0.122000,1.930000,-1.560000,2.150000
2,344.639271,1752.260000,1,38.212002,-0.348000,0.211000,2.500000,-1.690000,2.050000
2,531.087297,1752.605000,1,38.708000,-0.523000,0.233000,2.560000,-1.240000,1.060000
2,298.531885,1753.136000,1,39.044998,-0.607000,0.263000,2.080000,-1.240000,0.100000
2,339.583294,1753.435000,1,39.056000,-0.632000,0.534000,1.810000,-0.460000,0.310000
2,425.010007,1753.774000,1,39.020000,-0.628000,0.267000,2.500000,-1.360000,0.210000
2,423.642034,1754.200000,1,39.032001,-0.630000,0.224000,2.320000,-1.030000,0.260000
2,543.671769,1754.623000,1,39.056999,-0.631000,0.354000,2.370000,-1.440000,0.320000
2,618.332109,1755.167000,1,39.014000,-0.620000,0.227000,2.280000,-1.390000,0.210000
2,651.058383,1755.786000,1,38.535999,-0.448000,0.170000,2.000000,-1.400000,1.230000
2,693.539345,1756.437000,1,38.161999,-0.333000,0.128000,2.250000,-1.680000,2.100000
2,361.091114,1757.131000,1,38.192001,-0.367000,0.103000,2.030000,-1.870000,2.350000
2,596.040356,1757.492000,1,38.176998,-0.326000,0.438000,1.630000,-0.500000,2.240000
2,421.023873,1758.088000,1,38.139999,-0.311000,0.367000,1.730000,-0.570000,2.170000
2,703.585321,1758.509000,1,38.186001,-0.335000,0.192000,1.810000,-1.590000,2.280000
2,650.980674,1759.213000,1,38.181000,-0.340000,0.420000,1.710000,-0.700000,2.270000
2,577.334950,1759.864000,1,38.178001,-0.316000,0.149000,2.080000,-1.600000,2.120000
2,411.264786,1760.442000,1,38.210999,-0.320000,0.199000,1.840000,-1.370000,2.130000
2,398.433014,1760.853000,1,38.160000,-0.326000,0.150000,2.400000,-1.570000,2.150000
2,302.122631,1761.252000,1,38.199001,-0.333000,0.209000,1.960000,-1.620000,2.230000
2,401.351747,1761.554000,1,38.169998,-0.324000,0.101000,1.980000,-1.510000,2.140000
2,324.782402,1761.956000,1,38.148998,-0.316000,0.379000,1.980000,-0.550000,2.160000
2,381.461155,1762.281000,1,38.388000,-0.404000,0.176000,2.320000,-1.470000,1.670000
2,293.195862,1762.663000,1,38.858002,-0.545000,0.571000,2.840000,-0.490000,0.780000
2,304.792597,1762.957000,1,39.084999,-0.629000,0.254000,2.240000,-1.310000,0.060000
2,480.813922,1763.262000,1,39.001999,-0.595000,0.688000,2.480000,0.780000,0.280000
2,521.209446,1763.743000,1,38.980000,-0.600000,0.664000,2.550000,0.850000,0.240000
2,619.649253,1764.264000,1,39.035999,-0.616000,0.245000,2.080000,-1.350000,0.160000
2,414.072576,1764.884000,1,39.013000,-0.612000,0.281000,2.110000,-1.480000,0.110000
2,325.536034,1765.298000,1,39.014999,-0.621000,0.458000,2.000000,-0.260000,0.220000
2,419.802032,1765.624000,1,38.992001,-0.598000,0.476000,2.840000,-0.280000,0.250000
2,432.346428,1766.044000,1,39.013000,-0.602000,0.735000,2.380000,0.760000,0.340000
2,627.518397,1766.476000,1,39.020000,-0.630000,0.255000,2.410000,-1.470000,0.250000
2,480.041230,1767.104000,1,39.056999,-0.620000,0.523000,1.710000,-0.320000,0.230000
2,409.345030,1767.584000,1,39.013000,-0.617000,0.430000,1.950000,-0.470000,0.190000
2,346.135782,1767.994000,1,38.988998,-0.592000,0.682000,2.480000,0.810000,0.270000
2,489.781745,1768.340000,1,39.018002,-0.620000,0.262000,2.460000,-1.260000,0.250000
2,319.912145,1768.830000,1,39.047001,-0.624000,0.265000,2.130000,-1.410000,0.240000
2,366.101639,1769.150000,1,39.006001,-0.619000,0.486000,2.050000,-0.200000,0.280000
2,438.485934,1769.516000,1,39.000000,-0.626000,0.431000,2.010000,-0.280000,0.250000
2,358.621529,1769.955000,1,38.986000,-0.595000,0.684000,2.570000,0.720000,0.280000
2,617.166962,1770.314000,1,38.978001,-0.591000,0.685000,2.520000,0.840000,0.240000
2,445.882958,1770.931000,1,39.053001,-0.622000,0.516000,1.610000,-0.190000,0.210000
2,509.975353,1771.377000,1,39.030998,-0.624000,0.194000,2.270000,-1.460000,0.200000
2,312.270752,1771.887000,1,38.995998,-0.634000,0.423000,2.340000,-0.440000,0.240000
2,291.058618,1772.200000,1,39.035999,-0.624000,0.215000,2.350000,-1.270000,0.250000
2,316.204102,1772.491000,1,39.039001,-0.635000,0.341000,2.550000,-1.340000,0.320000
2,299.651580,1772.807000,1,39.034000,-0.619000,0.200000,2.260000,-1.260000,0.140000
2,438.568530,1773.107000,1,38.999001,-0.607000,0.454000,3.020000,-0.160000,0.250000
2,724.559441,1773.546000,1,39.002998,-0.639000,0.208000,2.720000,-1.470000,0.250000
2,537.552790,1774.271000,1,39.046001,-0.621000,0.501000,1.860000,-0.310000,0.240000
2,614.788282,1774.808000,1,39.049000,-0.644000,0.292000,2.540000,-1.430000,0.370000
2,322.381241,1775.423000,1,39.028000,-0.611000,0.527000,2.890000,-0.250000,0.340000
2,851.009216,1775.746000,1,39.021999,-0.621000,0.259000,2.380000,-1.260000,0.230000
2,543.782712,1776.597000,1,39.030998,-0.623000,0.234000,2.270000,-1.240000,0.200000
2,333.295212,1777.141000,1,39.082001,-0.636000,0.258000,2.330000,-1.310000,0.280000
2,503.507905,1777.475000,1,39.023998,-0.606000,0.545000,2.870000,-0.420000,0.350000
2,668.597175,1777.978000,1,39.033001,-0.621000,0.237000,2.240000,-1.220000,0.180000
2,691.078558,1778.647000,1,39.023998,-0.603000,0.491000,1.530000,-0.180000,0.180000
2,1026.248563,1779.338000,1,39.032001,-0.624000,0.229000,2.260000,-1.190000,0.210000
2,344.612391,1780.366000,1,39.028999,-0.611000,0.219000,2.230000,-1.380000,0.100000
2,476.432401,1780.710000,1,38.988998,-0.601000,0.466000,2.910000,-0.290000,0.260000
2,339.502652,1781.187000,1,39.008999,-0.593000,0.475000,2.910000,-0.380000,0.320000
2,398.463804,1781.527000,1,39.067001,-0.623000,0.323000,2.190000,-1.360000,0.240000
2,555.767015,1781.925000,1,39.067001,-0.623000,0.323000,2.190000,-1.360000,0.240000
2,715.139048,1782.481000,1,39.067001,-0.623000,0.323000,2.190000,-1.360000,0.240000
2,1668.515067,1783.197000,1,39.067001,-0.623000,0.323000,2.190000,-1.360000,0.240000
2,564.964545,1784.865000,1,38.228001,-0.596000,0.146000,2.150000,-2.070000,1.410000
2,394.620381,1785.430000,1,38.206001,-0.595000,0.323000,1.790000,-1.010000,1.390000
2,584.826789,1785.825000,1,38.238998,-0.596000,0.158000,2.230000,-1.790000,1.380000
2,1024.823407,1786.410000,1,38.231998,-0.590000,0.226000,2.010000,-1.580000,1.310000
2,1251.005208,1787.435000,1,38.257999,-0.621000,0.252000,2.170000,-2.000000,1.520000
2,744.851774,1788.686000,1,38.227001,-0.595000,0.172000,2.010000,-1.810000,1.320000
2,821.268144,1789.431000,1,38.229000,-0.583000,0.175000,1.990000,-1.690000,1.360000
2,1677.049870,1790.253000,1,38.255001,-0.599000,0.432000,1.530000,-0.980000,1.430000
2,1456.280824,1791.930000,1,38.237999,-0.591000,0.193000,2.120000,-1.690000,1.350000
2,964.788502,1793.386000,1,38.228001,-0.600000,0.173000,2.320000,-2.040000,1.450000
2,311.179893,1794.351000,1,38.223000,-0.600000,0.185000,2.340000,-1.910000,1.400000
2,276.994741,1794.663000,1,38.228001,-0.601000,0.154000,2.200000,-2.200000,1.380000
2,330.765024,1794.940000,1,38.268002,-0.607000,0.282000,2.090000,-1.940000,1.480000
2,323.935911,1795.271000,1,38.271000,-0.597000,0.277000,2.030000,-1.810000,1.440000
2,473.469192,1795.595000,1,38.285999,-0.645000,0.123000,2.060000,-2.650000,1.500000
2,423.756398,1796.069000,1,38.233002,-0.608000,0.165000,2.330000,-2.040000,1.410000
2,533.558836,1796.493000,1,38.228001,-0.594000,0.157000,2.150000,-1.770000,1.340000
2,376.086033,1797.026000,1,38.231998,-0.602000,0.157000,2.140000,-1.880000,1.390000
2,402.129326,1797.403000,1,38.240002,-0.589000,0.408000,1.430000,-0.810000,1.390000
2,396.265957,1797.806000,1,38.229000,-0.604000,0.198000,2.290000,-1.790000,1.390000
2,689.670997,1798.202000,1,38.230000,-0.592000,0.396000,1.490000,-0.840000,1.460000
2,403.461133,1798.892000,1,38.223000,-0.614000,0.199000,2.220000,-1.800000,1.510000
2,322.283982,1799.296000,1,38.233002,-0.599000,0.398000,1.680000,-0.970000,1.440000
2,402.326287,1799.618000,1,38.269001,-0.609000,0.263000,1.980000,-2.020000,1.430000
2,321.268877,1800.021000,1,38.231998,-0.591000,0.162000,2.080000,-1.650000,1.280000
2,353.313852,1800.342000,1,38.228001,-0.589000,0.187000,1.950000,-1.730000,1.380000
2,363.554834,1800.696000,1,38.213001,-0.591000,0.152000,1.970000,-1.840000,1.380000
2,333.358259,1801.059000,1,38.220001,-0.594000,0.157000,2.090000,-1.830000,1.390000
2,379.511097,1801.393000,1,38.261002,-0.611000,0.234000,2.020000,-2.060000,1.460000
2,413.485604,1801.773000,1,38.259998,-0.605000,0.254000,2.030000,-2.120000,1.450000
2,581.042993,1802.187000,1,38.223000,-0.601000,0.345000,1.800000,-1.080000,1.380000
2,404.798316,1802.768000,1,38.223999,-0.601000,0.171000,2.270000,-1.770000,1.420000
2,356.034647,1803.173000,1,38.234001,-0.631000,0.035000,1.960000,-2.570000,1.390000
2,439.852441,1803.529000,1,38.255001,-0.603000,0.223000,2.080000,-2.160000,1.470000
2,612.491710,1803.969000,1,38.268002,-0.597000,0.221000,1.960000,-1.830000,1.350000
2,13113.621913,1804.582000,1,38.235001,-0.596000,0.160000,2.010000,-2.170000,1.340000
