1,447.186418,1967.047000,0,0.000000,0.000000,0.000000,0.000000,0.000000,0.000000
1,429.180883,1967.494000,0,0.000000,0.000000,0.000000,0.000000,0.000000,0.000000
1,1220.478248,1967.924000,0,0.000000,0.000000,0.000000,0.000000,0.000000,0.000000
1,2.720795,1969.144000,0,0.000000,0.000000,0.000000,0.000000,0.000000,0.000000
1,1012.031711,1969.147000,0,0.000000,0.000000,0.000000,0.000000,0.000000,0.000000
1,357.285324,1970.159000,1,36.744999,-1.790000,-2.219000,-0.360000,0.230000,89.559998
1,383.275345,1970.517000,1,36.730999,-1.787000,-2.175000,-0.370000,0.360000,89.550003
1,456.343382,1970.901000,1,36.727001,-1.785000,-2.149000,-0.370000,0.440000,89.540001
1,416.005529,1971.358000,1,36.724998,-1.785000,-2.158000,-0.320000,0.530000,89.550003
1,786.114805,1971.774000,1,36.728001,-1.782000,-2.138000,-0.350000,0.470000,89.540001
1,577.301716,1972.560000,0,0.000000,0.000000,0.000000,0.000000,0.000000,0.000000
1,552.335109,1973.138000,0,0.000000,0.000000,0.000000,0.000000,0.000000,0.000000
1,522.306171,1973.690000,1,36.728001,-1.786000,-2.154000,-0.310000,0.480000,89.540001
1,411.102526,1974.213000,1,36.727001,-1.793000,-2.152000,-0.300000,0.510000,89.550003
1,618.516363,1974.624000,1,36.770000,-1.794000,-2.370000,-0.280000,-0.180000,89.570000
1,1317.361919,1975.242000,1,36.728001,-1.788000,-2.161000,-0.320000,0.480000,89.550003
1,504.867570,1976.560000,1,36.728001,-1.791000,-2.152000,-0.300000,0.490000,89.529999
1,1139.751712,1977.065000,1,36.722000,-1.792000,-2.158000,-0.330000,0.520000,89.570000
1,668.154380,1978.205000,1,36.728001,-1.781000,-2.166000,-0.340000,0.450000,89.550003
1,498.983673,1978.873000,1,36.765999,-1.789000,-2.384000,-0.370000,-0.200000,89.599998
1,839.873359,1979.372000,1,36.731998,-1.789000,-2.195000,-0.330000,0.370000,89.550003
1,1030.724899,1980.212000,1,36.733002,-1.778000,-2.166000,-0.380000,0.430000,89.540001
1,743.883587,1981.243000,0,0.000000,0.000000,0.000000,0.000000,0.000000,0.000000
1,951.040837,1981.987000,0,0.000000,0.000000,0.000000,0.000000,0.000000,0.000000
1,653.545073,1982.938000,1,36.729000,-1.783000,-2.158000,-0.270000,0.480000,89.540001
1,649.812594,1983.592000,1,36.782001,-1.791000,-2.330000,-0.420000,0.200000,89.510002
1,706.074944,1984.242000,1,36.733002,-1.788000,-2.179000,-0.360000,0.470000,89.540001
1,626.141138,1984.948000,1,36.770000,-1.794000,-2.384000,-0.320000,-0.220000,89.589996
1,686.013783,1985.575000,1,36.733002,-1.786000,-2.188000,-0.320000,0.400000,89.540001
1,867.313460,1986.261000,1,36.770000,-1.795000,-2.364000,-0.300000,-0.220000,89.599998
1,446.031046,1987.128000,1,36.736000,-1.785000,-2.183000,-0.290000,0.350000,89.559998
1,667.304468,1987.575000,1,36.730000,-1.786000,-2.158000,-0.280000,0.490000,89.540001
1,411.081999,1988.243000,1,36.729000,-1.793000,-2.136000,-0.310000,0.480000,89.540001
1,501.037832,1988.654000,1,36.764999,-1.798000,-2.350000,-0.310000,-0.150000,89.599998
1,527.352374,1989.155000,1,36.778000,-1.802000,-2.387000,-0.320000,-0.270000,89.589996
1,709.804980,1989.683000,1,36.731998,-1.789000,-2.176000,-0.320000,0.440000,89.540001
1,618.256355,1990.393000,1,36.769001,-1.796000,-2.358000,-0.330000,-0.200000,89.589996
1,443.848838,1991.011000,1,36.773998,-1.795000,-2.373000,-0.380000,-0.290000,89.589996
1,418.569439,1991.455000,1,36.783001,-1.799000,-2.425000,-0.350000,-0.240000,89.580002
1,767.284283,1991.874000,1,36.734001,-1.793000,-2.189000,-0.340000,0.420000,89.550003
1,972.312598,1992.642000,1,36.771000,-1.801000,-2.389000,-0.310000,-0.140000,89.589996
1,470.996186,1993.614000,1,36.776001,-1.799000,-2.388000,-0.360000,-0.260000,89.589996
1,421.044400,1994.085000,1,36.737999,-1.791000,-2.195000,-0.360000,0.330000,89.550003
1,507.313206,1994.506000,1,36.730999,-1.787000,-2.161000,-0.340000,0.470000,89.540001
1,471.815308,1995.014000,1,36.778000,-1.796000,-2.377000,-0.360000,-0.140000,89.580002
1,525.287462,1995.486000,1,36.736000,-1.793000,-2.197000,-0.350000,0.340000,89.550003
1,873.524810,1996.011000,1,36.738998,-1.785000,-2.151000,-0.400000,0.380000,89.550003
1,588.667768,1996.885000,1,36.768002,-1.785000,-2.345000,-0.220000,-0.190000,89.589996
1,462.198444,1997.474000,1,36.741001,-1.795000,-2.176000,-0.470000,0.350000,89.559998
1,453.583977,1997.936000,0,0.000000,0.000000,0.000000,0.000000,0.000000,0.000000
1,1393.619938,1998.390000,0,0.000000,0.000000,0.000000,0.000000,0.000000,0.000000
1,885.761302,1999.784000,0,0.000000,0.000000,0.000000,0.000000,0.000000,0.000000
1,505.121224,2000.670000,0,0.000000,0.000000,0.000000,0.000000,0.000000,0.000000
1,574.760287,2001.175000,0,0.000000,0.000000,0.000000,0.000000,0.000000,0.000000
1,378.582987,2001.750000,1,36.742001,-1.781000,-2.172000,-0.240000,0.330000,89.529999
1,548.558154,2002.129000,1,36.764000,-1.800000,-2.386000,-0.240000,-0.150000,89.589996
1,650.153732,2002.677000,1,36.778999,-1.796000,-2.400000,-0.270000,-0.280000,89.580002
1,606.993915,2003.328000,1,36.742001,-1.783000,-2.204000,-0.330000,0.350000,89.550003
1,598.542197,2003.935000,1,36.771999,-1.795000,-2.382000,-0.270000,-0.240000,89.589996
1,649.768119,2004.534000,1,36.782001,-1.789000,-2.426000,-0.280000,-0.400000,89.599998
1,619.856478,2005.183000,1,36.735001,-1.782000,-2.197000,-0.240000,0.290000,89.550003
1,553.578943,2005.805000,1,36.733002,-1.779000,-2.149000,-0.250000,0.390000,89.559998
1,509.759820,2006.358000,1,36.769001,-1.786000,-2.332000,-0.260000,-0.140000,89.589996
1,879.825111,2006.868000,1,36.736000,-1.779000,-2.161000,-0.300000,0.410000,89.550003
1,1017.321793,2007.748000,1,36.727001,-1.786000,-2.161000,-0.260000,0.530000,89.540001
1,626.900146,2008.766000,1,36.772999,-1.792000,-2.364000,-0.300000,-0.190000,89.589996
1,486.243294,2009.393000,1,36.792000,-1.788000,-2.392000,-0.380000,0.030000,89.510002
1,632.575352,2009.879000,1,36.785999,-1.790000,-2.401000,-0.340000,-0.200000,89.570000
1,747.283237,2010.512000,1,36.737000,-1.786000,-2.189000,-0.380000,0.360000,89.540001
1,576.056416,2011.259000,1,36.773998,-1.782000,-2.330000,-0.400000,-0.280000,89.589996
1,1219.858042,2011.836000,1,36.723999,-1.779000,-2.136000,-0.350000,0.490000,89.519997
1,895.984689,2013.056000,0,0.000000,0.000000,0.000000,0.000000,0.000000,0.000000
1,854.851172,2013.952000,0,0.000000,0.000000,0.000000,0.000000,0.000000,0.000000
1,738.506510,2014.807000,1,36.776001,-1.825000,-2.507000,0.040000,0.210000,89.489998
1,1149.777161,2015.545000,1,36.782001,-1.809000,-2.472000,-0.110000,-0.340000,89.589996
1,1497.325390,2016.695000,0,0.000000,0.000000,0.000000,0.000000,0.000000,0.000000
1,1141.019983,2018.193000,0,0.000000,0.000000,0.000000,0.000000,0.000000,0.000000
1,1994.801800,2019.334000,1,36.728001,-1.785000,-2.157000,-0.280000,0.490000,89.529999
1,639.802785,2021.329000,1,36.727001,-1.785000,-2.173000,-0.300000,0.470000,89.540001
1,740.601234,2021.969000,1,36.728001,-1.783000,-2.165000,-0.300000,0.480000,89.519997
1,711.617703,2022.710000,1,36.770000,-1.794000,-2.383000,-0.290000,-0.190000,89.589996
1,598.105267,2023.422000,1,36.733002,-1.787000,-2.194000,-0.270000,0.420000,89.540001
1,523.897985,2024.021000,1,36.726002,-1.786000,-2.167000,-0.270000,0.510000,89.540001
1,594.746671,2024.545000,1,36.770000,-1.793000,-2.365000,-0.250000,-0.160000,89.580002
1,527.368991,2025.140000,1,36.778000,-1.793000,-2.408000,-0.300000,-0.250000,89.589996
1,529.773573,2025.667000,1,36.735001,-1.784000,-2.200000,-0.270000,0.410000,89.550003
1,728.623283,2026.197000,1,36.786999,-1.784000,-2.372000,-0.350000,0.140000,89.489998
1,528.534138,2026.926000,1,36.776001,-1.793000,-2.402000,-0.320000,-0.200000,89.570000
1,862.299026,2027.455000,1,36.776001,-1.796000,-2.407000,-0.300000,-0.250000,89.580002
1,1238.530702,2028.317000,1,36.730000,-1.784000,-2.163000,-0.330000,0.450000,89.550003
1,1088.514061,2029.556000,1,36.727001,-1.787000,-2.152000,-0.310000,0.500000,89.550003
1,1139.826978,2030.645000,1,36.772999,-1.792000,-2.363000,-0.310000,-0.170000,89.580002
1,1042.327988,2031.785000,1,36.729000,-1.786000,-2.162000,-0.300000,0.440000,89.550003
1,808.482801,2032.827000,1,36.736000,-1.776000,-2.107000,-0.350000,0.520000,89.540001
1,737.347227,2033.636000,1,36.778999,-1.784000,-2.328000,-0.360000,-0.120000,89.550003
1,698.588481,2034.373000,1,36.730000,-1.777000,-2.126000,-0.380000,0.450000,89.550003
1,1438.193670,2035.072000,0,0.000000,0.000000,0.000000,0.000000,0.000000,0.000000
1,1498.856113,2036.510000,0,0.000000,0.000000,0.000000,0.000000,0.000000,0.000000
1,1797.283408,2038.009000,1,36.784000,-1.781000,-2.356000,-0.470000,-0.210000,89.559998
1,1757.357070,2039.807000,1,36.777000,-1.782000,-2.334000,-0.430000,-0.240000,89.570000
1,1521.048652,2041.565000,1,36.769001,-1.783000,-2.338000,-0.380000,-0.230000,89.580002
1,1782.246457,2043.086000,1,36.723000,-1.772000,-2.111000,-0.380000,0.480000,89.540001
1,1984.784660,2044.869000,0,0.000000,0.000000,0.000000,0.000000,0.000000,0.000000
1,1498.527682,2046.854000,0,0.000000,0.000000,0.000000,0.000000,0.000000,0.000000
1,1269.795166,2048.352000,0,0.000000,0.000000,0.000000,0.000000,0.000000,0.000000
1,2001.073265,2049.622000,1,36.789001,-1.799000,-2.411000,-0.300000,-0.360000,89.620003
1,2518.531171,2051.623000,1,36.734001,-1.791000,-2.135000,-0.290000,0.450000,89.550003
1,1486.066371,2054.142000,1,36.731998,-1.792000,-2.121000,-0.270000,0.560000,89.559998
1,1417.343200,2055.628000,1,36.784000,-1.795000,-2.357000,-0.340000,-0.180000,89.570000
1,1892.217998,2057.046000,1,36.786999,-1.799000,-2.395000,-0.320000,-0.320000,89.620003
1,997.308529,2058.939000,1,36.737999,-1.794000,-2.146000,-0.320000,0.410000,89.570000
1,794.532311,2059.937000,1,36.729000,-1.794000,-2.116000,-0.300000,0.510000,89.580002
1,681.277439,2060.731000,1,36.731998,-1.789000,-2.129000,-0.360000,0.500000,89.559998
1,678.561532,2061.413000,1,36.730999,-1.790000,-2.121000,-0.350000,0.550000,89.550003
1,867.296355,2062.092000,1,36.775002,-1.800000,-2.333000,-0.320000,-0.110000,89.599998
1,2059.798846,2062.959000,1,36.778999,-1.806000,-2.383000,-0.270000,-0.330000,89.639999
1,1237.332809,2065.019000,1,36.784000,-1.797000,-2.371000,-0.380000,-0.160000,89.589996
1,1319.785562,2066.256000,1,36.738998,-1.789000,-2.132000,-0.320000,0.440000,89.550003
1,1613.517079,2067.576000,1,36.827000,-1.826000,-2.338000,-0.180000,-0.550000,89.580002
1,1408.663243,2069.190000,1,36.721001,-1.833000,-2.105000,-0.280000,0.570000,89.589996
1,774.789318,2070.599000,1,36.772999,-1.813000,-2.331000,-0.210000,-0.090000,89.599998
1,657.184204,2071.374000,1,36.773998,-1.805000,-2.343000,-0.280000,-0.230000,89.610001
1,1014.896684,2072.031000,1,36.775002,-1.803000,-2.364000,-0.310000,-0.200000,89.589996
1,751.009851,2073.046000,1,36.731998,-1.795000,-2.126000,-0.270000,0.510000,89.570000
1,2304.813124,2073.797000,0,0.000000,0.000000,0.000000,0.000000,0.000000,0.000000
1,1541.046277,2076.103000,0,0.000000,0.000000,0.000000,0.000000,0.000000,0.000000
1,12484.463805,2077.644000,0,0.000000,0.000000,0.000000,0.000000,0.000000,0.000000
1,592.555177,2090.129000,0,0.000000,0.000000,0.000000,0.000000,0.000000,0.000000
1,472.371002,2090.721000,0,0.000000,0.000000,0.000000,0.000000,0.000000,0.000000
1,603.543925,2091.194000,0,0.000000,0.000000,0.000000,0.000000,0.000000,0.000000
1,416.084215,2091.798000,0,0.000000,0.000000,0.000000,0.000000,0.000000,0.000000
1,102411.616188,2092.214000,0,0.000000,0.000000,0.000000,0.000000,0.000000,0.000000
1,14586.045209,2194.628000,0,0.000000,0.000000,0.000000,0.000000,0.000000,0.000000
1,907.242242,2209.215000,0,0.000000,0.000000,0.000000,0.000000,0.000000,0.000000
1,1282.645510,2210.122000,0,0.000000,0.000000,0.000000,0.000000,0.000000,0.000000
1,1259.459370,2211.405000,0,0.000000,0.000000,0.000000,0.000000,0.000000,0.000000
1,936.087949,2212.665000,0,0.000000,0.000000,0.000000,0.000000,0.000000,0.000000
1,1622.263015,2213.601000,0,0.000000,0.000000,0.000000,0.000000,0.000000,0.000000
1,1194.934932,2215.223000,0,0.000000,0.000000,0.000000,0.000000,0.000000,0.000000
1,1453.406566,2216.419000,0,0.000000,0.000000,0.000000,0.000000,0.000000,0.000000
1,1436.134135,2217.873000,0,0.000000,0.000000,0.000000,0.000000,0.000000,0.000000
1,998.227353,2219.309000,1,36.790001,-1.817000,-2.292000,-0.200000,-0.090000,89.559998
1,1391.299907,2220.308000,0,0.000000,0.000000,0.000000,0.000000,0.000000,0.000000
1,1366.048855,2221.699000,0,0.000000,0.000000,0.000000,0.000000,0.000000,0.000000
1,2803.553895,2223.065000,0,0.000000,0.000000,0.000000,0.000000,0.000000,0.000000
1,3921.032426,2225.869000,0,0.000000,0.000000,0.000000,0.000000,0.000000,0.000000
1,1254.811976,2229.790000,0,0.000000,0.000000,0.000000,0.000000,0.000000,0.000000
1,1106.068004,2231.045000,0,0.000000,0.000000,0.000000,0.000000,0.000000,0.000000
1,1248.521939,2232.151000,0,0.000000,0.000000,0.000000,0.000000,0.000000,0.000000
1,1477.306261,2233.401000,0,0.000000,0.000000,0.000000,0.000000,0.000000,0.000000
1,1636.057599,2234.878000,0,0.000000,0.000000,0.000000,0.000000,0.000000,0.000000
1,2158.518210,2236.515000,0,0.000000,0.000000,0.000000,0.000000,0.000000,0.000000
1,1528.560530,2238.673000,0,0.000000,0.000000,0.000000,0.000000,0.000000,0.000000
1,6688.489722,2240.202000,0,0.000000,0.000000,0.000000,0.000000,0.000000,0.000000
1,511.153208,2246.890000,0,0.000000,0.000000,0.000000,0.000000,0.000000,0.000000
1,853.481733,2247.402000,1,36.914001,-0.718000,-2.582000,-0.200000,-0.060000,89.440002
1,723.296546,2248.255000,1,36.916000,-0.718000,-2.617000,-0.210000,-0.150000,89.459999
1,735.072648,2248.979000,0,0.000000,0.000000,0.000000,0.000000,0.000000,0.000000
1,709.827950,2249.714000,0,0.000000,0.000000,0.000000,0.000000,0.000000,0.000000
1,648.520375,2250.424000,0,0.000000,0.000000,0.000000,0.000000,0.000000,0.000000
1,866.120455,2251.074000,0,0.000000,0.000000,0.000000,0.000000,0.000000,0.000000
1,483.513701,2251.940000,0,0.000000,0.000000,0.000000,0.000000,0.000000,0.000000
1,1163.558059,2252.424000,0,0.000000,0.000000,0.000000,0.000000,0.000000,0.000000
1,824.797798,2253.587000,0,0.000000,0.000000,0.000000,0.000000,0.000000,0.000000
1,566.074954,2254.412000,1,36.924999,-0.726000,-2.626000,-0.160000,-0.300000,89.440002
1,669.814129,2254.979000,1,36.879002,-0.708000,-2.405000,-0.180000,0.390000,89.400002
1,597.302762,2255.649000,1,36.874001,-0.710000,-2.381000,-0.200000,0.430000,89.379997
1,713.586821,2256.246000,1,36.917999,-0.716000,-2.604000,-0.160000,-0.240000,89.440002
1,406.033352,2256.960000,1,36.881001,-0.705000,-2.433000,-0.180000,0.340000,89.400002
1,534.770902,2257.366000,1,36.873001,-0.706000,-2.383000,-0.150000,0.500000,89.400002
1,459.858863,2257.901000,1,36.868000,-0.706000,-2.372000,-0.200000,0.540000,89.419998
1,445.772993,2258.361000,1,36.907001,-0.713000,-2.561000,-0.200000,-0.060000,89.449997
1,428.845610,2258.807000,0,0.000000,0.000000,0.000000,0.000000,0.000000,0.000000
1,452.253637,2259.236000,0,0.000000,0.000000,0.000000,0.000000,0.000000,0.000000
1,1306.120494,2259.688000,1,36.870998,-0.707000,-2.374000,-0.160000,0.550000,89.389999
1,776.089357,2260.995000,1,36.915001,-0.722000,-2.608000,-0.200000,-0.270000,89.470001
1,419.800566,2261.771000,0,0.000000,0.000000,0.000000,0.000000,0.000000,0.000000
1,581.027353,2262.191000,0,0.000000,0.000000,0.000000,0.000000,0.000000,0.000000
1,482.316297,2262.772000,0,0.000000,0.000000,0.000000,0.000000,0.000000,0.000000
1,491.071031,2263.255000,0,0.000000,0.000000,0.000000,0.000000,0.000000,0.000000
1,612.218995,2263.746000,0,0.000000,0.000000,0.000000,0.000000,0.000000,0.000000
1,434.893722,2264.358000,0,0.000000,0.000000,0.000000,0.000000,0.000000,0.000000
1,449.734689,2264.793000,0,0.000000,0.000000,0.000000,0.000000,0.000000,0.000000
1,541.120565,2265.243000,1,36.877998,-0.713000,-2.404000,-0.240000,0.410000,89.419998
1,538.545413,2265.784000,0,0.000000,0.000000,0.000000,0.000000,0.000000,0.000000
1,586.488493,2266.323000,0,0.000000,0.000000,0.000000,0.000000,0.000000,0.000000
1,525.405248,2266.910000,0,0.000000,0.000000,0.000000,0.000000,0.000000,0.000000
1,451.247328,2267.435000,0,0.000000,0.000000,0.000000,0.000000,0.000000,0.000000
1,632.283088,2267.887000,0,0.000000,0.000000,0.000000,0.000000,0.000000,0.000000
1,619.802717,2268.520000,0,0.000000,0.000000,0.000000,0.000000,0.000000,0.000000
1,593.557575,2269.140000,0,0.000000,0.000000,0.000000,0.000000,0.000000,0.000000
1,393.561290,2269.734000,0,0.000000,0.000000,0.000000,0.000000,0.000000,0.000000
1,488.557949,2270.128000,0,0.000000,0.000000,0.000000,0.000000,0.000000,0.000000
1,419.781506,2270.616000,0,0.000000,0.000000,0.000000,0.000000,0.000000,0.000000
1,522.229439,2271.037000,0,0.000000,0.000000,0.000000,0.000000,0.000000,0.000000
1,596.023739,2271.559000,0,0.000000,0.000000,0.000000,0.000000,0.000000,0.000000
1,696.145776,2272.155000,0,0.000000,0.000000,0.000000,0.000000,0.000000,0.000000
1,382.290541,2272.851000,0,0.000000,0.000000,0.000000,0.000000,0.000000,0.000000
1,469.781677,2273.234000,0,0.000000,0.000000,0.000000,0.000000,0.000000,0.000000
1,468.561302,2273.704000,0,0.000000,0.000000,0.000000,0.000000,0.000000,0.000000
1,522.346736,2274.173000,0,0.000000,0.000000,0.000000,0.000000,0.000000,0.000000
1,529.544356,2274.695000,0,0.000000,0.000000,0.000000,0.000000,0.000000,0.000000
1,405.028022,2275.225000,0,0.000000,0.000000,0.000000,0.000000,0.000000,0.000000
1,508.528205,2275.630000,0,0.000000,0.000000,0.000000,0.000000,0.000000,0.000000
1,774.867027,2276.139000,0,0.000000,0.000000,0.000000,0.000000,0.000000,0.000000
1,477.338518,2276.914000,0,0.000000,0.000000,0.000000,0.000000,0.000000,0.000000
1,594.779905,2277.391000,0,0.000000,0.000000,0.000000,0.000000,0.000000,0.000000
1,528.578613,2277.986000,0,0.000000,0.000000,0.000000,0.000000,0.000000,0.000000
1,561.031683,2278.515000,0,0.000000,0.000000,0.000000,0.000000,0.000000,0.000000
1,468.587694,2279.076000,0,0.000000,0.000000,0.000000,0.000000,0.000000,0.000000
1,509.752489,2279.545000,0,0.000000,0.000000,0.000000,0.000000,0.000000,0.000000
1,936.105055,2280.055000,0,0.000000,0.000000,0.000000,0.000000,0.000000,0.000000
1,1011.042509,2280.991000,0,0.000000,0.000000,0.000000,0.000000,0.000000,0.000000
1,1137.274308,2282.002000,0,0.000000,0.000000,0.000000,0.000000,0.000000,0.000000
1,946.059148,2283.140000,0,0.000000,0.000000,0.000000,0.000000,0.000000,0.000000
1,673.553939,2284.086000,0,0.000000,0.000000,0.000000,0.000000,0.000000,0.000000
1,732.092823,2284.760000,0,0.000000,0.000000,0.000000,0.000000,0.000000,0.000000
1,610.009418,2285.493000,0,0.000000,0.000000,0.000000,0.000000,0.000000,0.000000
1,854.764666,2286.103000,0,0.000000,0.000000,0.000000,0.000000,0.000000,0.000000
1,612.388098,2286.958000,0,0.000000,0.000000,0.000000,0.000000,0.000000,0.000000
1,1872.288796,2287.571000,0,0.000000,0.000000,0.000000,0.000000,0.000000,0.000000
1,1268.527872,2289.443000,0,0.000000,0.000000,0.000000,0.000000,0.000000,0.000000
1,1588.549005,2290.712000,0,0.000000,0.000000,0.000000,0.000000,0.000000,0.000000
1,1817.292762,2292.300000,0,0.000000,0.000000,0.000000,0.000000,0.000000,0.000000
1,2421.081544,2294.118000,0,0.000000,0.000000,0.000000,0.000000,0.000000,0.000000
1,1049.798323,2296.539000,0,0.000000,0.000000,0.000000,0.000000,0.000000,0.000000
1,1061.007002,2297.589000,0,0.000000,0.000000,0.000000,0.000000,0.000000,0.000000
1,932.232797,2298.650000,0,0.000000,0.000000,0.000000,0.000000,0.000000,0.000000
1,1472.388596,2299.582000,0,0.000000,0.000000,0.000000,0.000000,0.000000,0.000000
1,2836.044109,2301.055000,0,0.000000,0.000000,0.000000,0.000000,0.000000,0.000000
1,1634.769290,2303.892000,0,0.000000,0.000000,0.000000,0.000000,0.000000,0.000000
1,1165.811622,2305.527000,0,0.000000,0.000000,0.000000,0.000000,0.000000,0.000000
1,1265.114049,2306.693000,0,0.000000,0.000000,0.000000,0.000000,0.000000,0.000000
1,1051.038736,2307.958000,0,0.000000,0.000000,0.000000,0.000000,0.000000,0.000000
1,1436.011462,2309.009000,0,0.000000,0.000000,0.000000,0.000000,0.000000,0.000000
1,1236.068937,2310.446000,0,0.000000,0.000000,0.000000,0.000000,0.000000,0.000000
1,1403.586738,2311.682000,0,0.000000,0.000000,0.000000,0.000000,0.000000,0.000000
1,1674.799239,2313.085000,0,0.000000,0.000000,0.000000,0.000000,0.000000,0.000000
1,1492.331971,2314.760000,0,0.000000,0.000000,0.000000,0.000000,0.000000,0.000000
1,1626.063918,2316.253000,0,0.000000,0.000000,0.000000,0.000000,0.000000,0.000000
1,1102.351653,2317.879000,0,0.000000,0.000000,0.000000,0.000000,0.000000,0.000000
1,1538.444245,2318.982000,0,0.000000,0.000000,0.000000,0.000000,0.000000,0.000000
1,1266.068062,2320.521000,0,0.000000,0.000000,0.000000,0.000000,0.000000,0.000000
1,1309.806543,2321.787000,0,0.000000,0.000000,0.000000,0.000000,0.000000,0.000000
1,1541.017930,2323.097000,0,0.000000,0.000000,0.000000,0.000000,0.000000,0.000000
1,1396.049935,2324.639000,0,0.000000,0.000000,0.000000,0.000000,0.000000,0.000000
1,1483.330425,2326.035000,0,0.000000,0.000000,0.000000,0.000000,0.000000,0.000000
1,1361.255818,2327.518000,0,0.000000,0.000000,0.000000,0.000000,0.000000,0.000000
1,2589.822164,2328.880000,0,0.000000,0.000000,0.000000,0.000000,0.000000,0.000000
1,1634.685227,2331.470000,0,0.000000,0.000000,0.000000,0.000000,0.000000,0.000000
1,1676.142776,2333.104000,0,0.000000,0.000000,0.000000,0.000000,0.000000,0.000000
1,1337.260819,2334.781000,0,0.000000,0.000000,0.000000,0.000000,0.000000,0.000000
1,1361.081828,2336.118000,0,0.000000,0.000000,0.000000,0.000000,0.000000,0.000000
1,2564.773937,2337.479000,0,0.000000,0.000000,0.000000,0.000000,0.000000,0.000000
1,1278.531328,2340.045000,0,0.000000,0.000000,0.000000,0.000000,0.000000,0.000000
1,1652.337895,2341.324000,0,0.000000,0.000000,0.000000,0.000000,0.000000,0.000000
1,1406.052413,2342.976000,0,0.000000,0.000000,0.000000,0.000000,0.000000,0.000000
1,1647.271165,2344.383000,0,0.000000,0.000000,0.000000,0.000000,0.000000,0.000000
1,1784.880257,2346.030000,0,0.000000,0.000000,0.000000,0.000000,0.000000,0.000000
1,2275.976214,2347.815000,0,0.000000,0.000000,0.000000,0.000000,0.000000,0.000000
1,1591.054268,2350.091000,0,0.000000,0.000000,0.000000,0.000000,0.000000,0.000000
1,1007.067127,2351.682000,0,0.000000,0.000000,0.000000,0.000000,0.000000,0.000000
1,1177.573062,2352.689000,0,0.000000,0.000000,0.000000,0.000000,0.000000,0.000000
1,1996.026085,2353.867000,0,0.000000,0.000000,0.000000,0.000000,0.000000,0.000000
1,1342.320706,2355.864000,0,0.000000,0.000000,0.000000,0.000000,0.000000,0.000000
1,1277.288960,2357.207000,0,0.000000,0.000000,0.000000,0.000000,0.000000,0.000000
1,1526.053801,2358.484000,0,0.000000,0.000000,0.000000,0.000000,0.000000,0.000000
1,1169.802643,2360.010000,0,0.000000,0.000000,0.000000,0.000000,0.000000,0.000000
1,1374.797236,2361.180000,0,0.000000,0.000000,0.000000,0.000000,0.000000,0.000000
1,1222.295370,2362.555000,0,0.000000,0.000000,0.000000,0.000000,0.000000,0.000000
1,1089.805302,2363.778000,0,0.000000,0.000000,0.000000,0.000000,0.000000,0.000000
1,954.778693,2364.868000,0,0.000000,0.000000,0.000000,0.000000,0.000000,0.000000
1,1043.587950,2365.823000,0,0.000000,0.000000,0.000000,0.000000,0.000000,0.000000
1,1413.541320,2366.866000,0,0.000000,0.000000,0.000000,0.000000,0.000000,0.000000
1,1029.826112,2368.280000,0,0.000000,0.000000,0.000000,0.000000,0.000000,0.000000
1,1392.288132,2369.310000,0,0.000000,0.000000,0.000000,0.000000,0.000000,0.000000
1,1258.292756,2370.702000,0,0.000000,0.000000,0.000000,0.000000,0.000000,0.000000
1,825.118897,2371.961000,0,0.000000,0.000000,0.000000,0.000000,0.000000,0.000000
1,901.027959,2372.786000,0,0.000000,0.000000,0.000000,0.000000,0.000000,0.000000
1,1044.806859,2373.688000,0,0.000000,0.000000,0.000000,0.000000,0.000000,0.000000
1,1192.297222,2374.733000,0,0.000000,0.000000,0.000000,0.000000,0.000000,0.000000
1,1723.531140,2375.926000,0,0.000000,0.000000,0.000000,0.000000,0.000000,0.000000
1,1118.654431,2377.649000,0,0.000000,0.000000,0.000000,0.000000,0.000000,0.000000
1,1122.225138,2378.768000,0,0.000000,0.000000,0.000000,0.000000,0.000000,0.000000
1,1468.554460,2379.891000,0,0.000000,0.000000,0.000000,0.000000,0.000000,0.000000
1,1178.530986,2381.359000,0,0.000000,0.000000,0.000000,0.000000,0.000000,0.000000
1,1577.313934,2382.538000,0,0.000000,0.000000,0.000000,0.000000,0.000000,0.000000
1,1317.333083,2384.115000,0,0.000000,0.000000,0.000000,0.000000,0.000000,0.000000
1,1963.540269,2385.433000,0,0.000000,0.000000,0.000000,0.000000,0.000000,0.000000
1,1494.798624,2387.397000,0,0.000000,0.000000,0.000000,0.000000,0.000000,0.000000
1,1573.547732,2388.891000,0,0.000000,0.000000,0.000000,0.000000,0.000000,0.000000
1,1413.241725,2390.466000,0,0.000000,0.000000,0.000000,0.000000,0.000000,0.000000
1,2004.997818,2391.880000,0,0.000000,0.000000,0.000000,0.000000,0.000000,0.000000
1,2246.153523,2393.885000,0,0.000000,0.000000,0.000000,0.000000,0.000000,0.000000
1,1399.842040,2396.131000,0,0.000000,0.000000,0.000000,0.000000,0.000000,0.000000
1,1489.677155,2397.531000,0,0.000000,0.000000,0.000000,0.000000,0.000000,0.000000
1,1386.187236,2399.021000,0,0.000000,0.000000,0.000000,0.000000,0.000000,0.000000
1,1199.889252,2400.407000,0,0.000000,0.000000,0.000000,0.000000,0.000000,0.000000
1,857.180490,2401.607000,0,0.000000,0.000000,0.000000,0.000000,0.000000,0.000000
1,813.499680,2402.464000,0,0.000000,0.000000,0.000000,0.000000,0.000000,0.000000
1,1321.537682,2403.278000,0,0.000000,0.000000,0.000000,0.000000,0.000000,0.000000
1,1056.986657,2404.600000,0,0.000000,0.000000,0.000000,0.000000,0.000000,0.000000
1,1180.964404,2405.657000,0,0.000000,0.000000,0.000000,0.000000,0.000000,0.000000
1,1072.257224,2406.838000,0,0.000000,0.000000,0.000000,0.000000,0.000000,0.000000
1,2046.091747,2407.911000,0,0.000000,0.000000,0.000000,0.000000,0.000000,0.000000
1,972.281807,2409.958000,0,0.000000,0.000000,0.000000,0.000000,0.000000,0.000000
1,1193.261010,2410.930000,0,0.000000,0.000000,0.000000,0.000000,0.000000,0.000000
1,1356.394357,2412.123000,0,0.000000,0.000000,0.000000,0.000000,0.000000,0.000000
1,1588.527501,2413.480000,0,0.000000,0.000000,0.000000,0.000000,0.000000,0.000000
1,1303.543876,2415.069000,0,0.000000,0.000000,0.000000,0.000000,0.000000,0.000000
1,4451.041570,2416.372000,0,0.000000,0.000000,0.000000,0.000000,0.000000,0.000000
1,3613.563020,2420.823000,0,0.000000,0.000000,0.000000,0.000000,0.000000,0.000000
1,1448.548038,2424.437000,0,0.000000,0.000000,0.000000,0.000000,0.000000,0.000000
1,1484.788815,2425.887000,0,0.000000,0.000000,0.000000,0.000000,0.000000,0.000000
1,636.126999,2427.372000,0,0.000000,0.000000,0.000000,0.000000,0.000000,0.000000
1,692.204607,2428.008000,0,0.000000,0.000000,0.000000,0.000000,0.000000,0.000000
1,908.674728,2428.700000,0,0.000000,0.000000,0.000000,0.000000,0.000000,0.000000
1,622.211698,2429.609000,0,0.000000,0.000000,0.000000,0.000000,0.000000,0.000000
1,605.101039,2430.232000,0,0.000000,0.000000,0.000000,0.000000,0.000000,0.000000
1,875.698710,2430.837000,0,0.000000,0.000000,0.000000,0.000000,0.000000,0.000000
1,1531.100004,2431.713000,0,0.000000,0.000000,0.000000,0.000000,0.000000,0.000000
1,2018.280205,2433.244000,0,0.000000,0.000000,0.000000,0.000000,0.000000,0.000000
1,2212.540681,2435.262000,0,0.000000,0.000000,0.000000,0.000000,0.000000,0.000000
1,1412.338051,2437.475000,0,0.000000,0.000000,0.000000,0.000000,0.000000,0.000000
1,1238.582508,2438.887000,0,0.000000,0.000000,0.000000,0.000000,0.000000,0.000000
1,1164.797495,2440.126000,0,0.000000,0.000000,0.000000,0.000000,0.000000,0.000000
1,1359.823820,2441.291000,0,0.000000,0.000000,0.000000,0.000000,0.000000,0.000000
1,1191.049478,2442.651000,0,0.000000,0.000000,0.000000,0.000000,0.000000,0.000000
1,1652.265562,2443.843000,0,0.000000,0.000000,0.000000,0.000000,0.000000,0.000000
1,852.302901,2445.496000,0,0.000000,0.000000,0.000000,0.000000,0.000000,0.000000
1,961.071662,2446.348000,0,0.000000,0.000000,0.000000,0.000000,0.000000,0.000000
1,713.568738,2447.309000,0,0.000000,0.000000,0.000000,0.000000,0.000000,0.000000
1,529.899667,2448.023000,0,0.000000,0.000000,0.000000,0.000000,0.000000,0.000000
1,519.804818,2448.553000,0,0.000000,0.000000,0.000000,0.000000,0.000000,0.000000
1,545.994732,2449.073000,0,0.000000,0.000000,0.000000,0.000000,0.000000,0.000000
1,451.024465,2449.619000,0,0.000000,0.000000,0.000000,0.000000,0.000000,0.000000
1,625.850829,2450.070000,0,0.000000,0.000000,0.000000,0.000000,0.000000,0.000000
1,1000.035189,2450.697000,0,0.000000,0.000000,0.000000,0.000000,0.000000,0.000000
1,1342.320706,2451.697000,0,0.000000,0.000000,0.000000,0.000000,0.000000,0.000000
1,1426.032932,2453.039000,0,0.000000,0.000000,0.000000,0.000000,0.000000,0.000000
1,888.546122,2454.465000,0,0.000000,0.000000,0.000000,0.000000,0.000000,0.000000
1,721.061066,2455.354000,0,0.000000,0.000000,0.000000,0.000000,0.000000,0.000000
1,759.785601,2456.075000,0,0.000000,0.000000,0.000000,0.000000,0.000000,0.000000
1,967.357300,2456.835000,0,0.000000,0.000000,0.000000,0.000000,0.000000,0.000000
1,1197.252031,2457.803000,0,0.000000,0.000000,0.000000,0.000000,0.000000,0.000000
1,1251.073143,2459.000000,0,0.000000,0.000000,0.000000,0.000000,0.000000,0.000000
1,1076.043953,2460.251000,0,0.000000,0.000000,0.000000,0.000000,0.000000,0.000000
1,1224.779128,2461.329000,0,0.000000,0.000000,0.000000,0.000000,0.000000,0.000000
1,1144.805735,2462.554000,0,0.000000,0.000000,0.000000,0.000000,0.000000,0.000000
1,1491.038286,2463.698000,0,0.000000,0.000000,0.000000,0.000000,0.000000,0.000000
1,1342.339278,2465.190000,0,0.000000,0.000000,0.000000,0.000000,0.000000,0.000000
1,1450.760547,2466.532000,0,0.000000,0.000000,0.000000,0.000000,0.000000,0.000000
1,1182.593851,2467.983000,0,0.000000,0.000000,0.000000,0.000000,0.000000,0.000000
1,1426.057858,2469.166000,0,0.000000,0.000000,0.000000,0.000000,0.000000,0.000000
1,1561.051722,2470.592000,0,0.000000,0.000000,0.000000,0.000000,0.000000,0.000000
1,858.568012,2472.153000,0,0.000000,0.000000,0.000000,0.000000,0.000000,0.000000
1,924.714077,2473.012000,0,0.000000,0.000000,0.000000,0.000000,0.000000,0.000000
1,1333.657854,2473.937000,0,0.000000,0.000000,0.000000,0.000000,0.000000,0.000000
1,1519.759366,2475.271000,0,0.000000,0.000000,0.000000,0.000000,0.000000,0.000000
1,1409.715492,2476.790000,0,0.000000,0.000000,0.000000,0.000000,0.000000,0.000000
1,1658.665564,2478.201000,0,0.000000,0.000000,0.000000,0.000000,0.000000,0.000000
1,899.771418,2479.860000,1,38.022999,-0.730000,-3.128000,0.830000,-0.090000,90.150002
1,494.791781,2480.760000,1,38.018002,-0.733000,-3.122000,0.870000,-0.120000,90.180000
1,826.116408,2481.255000,1,38.020000,-0.725000,-3.084000,0.740000,0.130000,90.129997
1,682.294500,2482.081000,1,38.026001,-0.727000,-3.113000,0.730000,-0.030000,90.129997
1,621.064145,2482.764000,1,38.018002,-0.723000,-3.133000,0.770000,-0.140000,90.169998
1,394.023634,2483.385000,1,38.028999,-0.718000,-3.112000,0.740000,0.050000,90.129997
1,501.831539,2483.779000,1,38.021000,-0.716000,-3.102000,0.730000,-0.020000,90.160004
1,711.097198,2484.281000,1,38.021000,-0.720000,-3.111000,0.760000,-0.000000,90.160004
1,601.032798,2484.992000,1,38.032001,-0.720000,-3.099000,0.750000,0.040000,90.129997
1,402.281323,2485.594000,1,38.023998,-0.736000,-3.123000,0.780000,-0.060000,90.150002
1,439.805033,2485.996000,1,38.033001,-0.733000,-3.120000,0.820000,-0.010000,90.129997
1,511.014406,2486.436000,1,38.014000,-0.730000,-3.096000,0.810000,-0.110000,90.180000
1,516.111926,2486.947000,1,38.026001,-0.725000,-3.088000,0.780000,0.010000,90.120003
1,564.771494,2487.464000,1,37.966000,-0.718000,-2.871000,0.820000,0.630000,90.129997
1,1501.021215,2488.029000,1,38.022999,-0.727000,-3.124000,0.810000,-0.120000,90.160004
1,1147.348630,2489.530000,1,38.028000,-0.717000,-3.088000,0.810000,0.080000,90.120003
1,894.760893,2490.677000,1,38.020000,-0.721000,-3.135000,0.840000,-0.090000,90.180000
1,704.871186,2491.572000,1,38.022999,-0.728000,-3.125000,0.840000,-0.150000,90.169998
1,504.815764,2492.277000,1,38.018002,-0.728000,-3.056000,0.780000,0.140000,90.120003
1,778.562851,2492.782000,1,38.034000,-0.733000,-3.096000,0.780000,-0.000000,90.120003
1,924.595314,2493.561000,1,38.037998,-0.729000,-3.094000,0.800000,-0.110000,90.139999
1,1143.746154,2494.486000,1,38.026001,-0.732000,-3.090000,0.800000,-0.270000,90.190002
1,2143.229560,2495.630000,1,38.023998,-0.711000,-3.085000,0.770000,0.110000,90.099998
1,741.376370,2497.774000,1,38.023998,-0.715000,-3.098000,0.800000,0.050000,90.120003
1,566.070066,2498.515000,0,0.000000,0.000000,0.000000,0.000000,0.000000,0.000000
1,553.569168,2499.082000,0,0.000000,0.000000,0.000000,0.000000,0.000000,0.000000
1,529.822447,2499.635000,1,38.004002,-0.726000,-3.066000,0.800000,-0.060000,90.180000
1,1001.117251,2500.165000,1,38.033001,-0.732000,-3.111000,0.750000,-0.170000,90.160004
1,1117.964824,2501.167000,1,38.028000,-0.743000,-3.126000,0.800000,-0.370000,90.199997
1,1402.825287,2502.285000,1,38.028999,-0.735000,-3.116000,0.830000,-0.270000,90.169998
1,753.551280,2503.688000,1,38.022999,-0.731000,-3.119000,0.850000,-0.280000,90.169998
1,615.234987,2504.441000,1,38.028000,-0.729000,-3.136000,0.830000,-0.270000,90.180000
1,665.702390,2505.057000,1,38.021000,-0.728000,-3.105000,0.830000,-0.190000,90.169998
1,511.096025,2505.723000,0,0.000000,0.000000,0.000000,0.000000,0.000000,0.000000
1,733.441735,2506.234000,0,0.000000,0.000000,0.000000,0.000000,0.000000,0.000000
1,645.857251,2506.968000,1,38.012001,-0.724000,-3.051000,0.820000,-0.040000,90.169998
1,511.277347,2507.614000,1,38.025002,-0.720000,-3.084000,0.760000,0.020000,90.129997
1,570.914910,2508.125000,1,37.964001,-0.719000,-2.849000,0.830000,0.510000,90.160004
1,891.091949,2508.696000,1,38.025002,-0.722000,-3.070000,0.790000,0.040000,90.139999
1,747.311095,2509.587000,1,38.023998,-0.719000,-3.043000,0.730000,0.120000,90.099998
1,678.588412,2510.335000,0,0.000000,0.000000,0.000000,0.000000,0.000000,0.000000
1,598.499188,2511.014000,0,0.000000,0.000000,0.000000,0.000000,0.000000,0.000000
1,452.347474,2511.612000,1,38.022999,-0.724000,-3.076000,0.780000,-0.160000,90.160004
1,547.350976,2512.065000,1,38.015999,-0.726000,-3.098000,0.770000,-0.260000,90.169998
1,550.952963,2512.612000,1,37.965000,-0.723000,-2.858000,0.830000,0.400000,90.160004
1,561.123077,2513.165000,1,38.015999,-0.727000,-3.031000,0.870000,0.130000,90.129997
1,541.024284,2513.726000,1,37.965000,-0.740000,-2.856000,1.070000,0.340000,90.160004
1,687.265437,2514.267000,1,37.959000,-0.751000,-2.941000,1.240000,0.410000,90.150002
1,574.828710,2514.954000,1,38.021000,-0.732000,-3.055000,0.890000,0.000000,90.129997
1,831.095654,2515.529000,1,37.970001,-0.735000,-2.829000,0.860000,0.490000,90.150002
1,987.027471,2516.361000,1,38.022999,-0.733000,-3.072000,0.770000,-0.160000,90.180000
1,1967.532756,2517.348000,1,38.036999,-0.719000,-3.064000,0.830000,0.040000,90.120003
1,976.044100,2519.316000,1,38.037998,-0.731000,-3.028000,0.730000,0.000000,90.120003
1,592.308854,2520.292000,0,0.000000,0.000000,0.000000,0.000000,0.000000,0.000000
1,697.344647,2520.884000,0,0.000000,0.000000,0.000000,0.000000,0.000000,0.000000
1,442.281949,2521.582000,1,38.019001,-0.737000,-3.020000,0.840000,0.100000,90.129997
1,603.629454,2522.024000,0,0.000000,0.000000,0.000000,0.000000,0.000000,0.000000
1,346.023372,2522.628000,0,0.000000,0.000000,0.000000,0.000000,0.000000,0.000000
1,653.583195,2522.974000,1,38.033001,-0.741000,-3.076000,0.710000,-0.140000,90.160004
1,422.255978,2523.628000,0,0.000000,0.000000,0.000000,0.000000,0.000000,0.000000
1,508.550198,2524.050000,0,0.000000,0.000000,0.000000,0.000000,0.000000,0.000000
1,566.095481,2524.559000,1,38.023998,-0.724000,-3.077000,0.910000,-0.100000,90.180000
1,492.330994,2525.125000,1,38.021999,-0.744000,-3.092000,0.990000,-0.220000,90.220001
1,707.234715,2525.618000,0,0.000000,0.000000,0.000000,0.000000,0.000000,0.000000
1,703.590208,2526.325000,0,0.000000,0.000000,0.000000,0.000000,0.000000,0.000000
1,763.292284,2527.029000,1,37.970001,-0.745000,-2.833000,1.030000,0.470000,90.169998
1,718.815811,2527.792000,1,38.025002,-0.730000,-2.992000,0.880000,0.080000,90.120003
1,651.058872,2528.511000,1,38.034000,-0.752000,-3.066000,0.940000,-0.220000,90.160004
1,699.792238,2529.163000,1,37.966999,-0.747000,-2.817000,1.000000,0.410000,90.169998
1,586.037389,2529.863000,1,38.026001,-0.736000,-3.035000,0.910000,0.060000,90.120003
1,499.863398,2530.450000,0,0.000000,0.000000,0.000000,0.000000,0.000000,0.000000
1,383.501630,2530.950000,0,0.000000,0.000000,0.000000,0.000000,0.000000,0.000000
1,467.355101,2531.334000,0,0.000000,0.000000,0.000000,0.000000,0.000000,0.000000
1,622.262527,2531.801000,0,0.000000,0.000000,0.000000,0.000000,0.000000,0.000000
1,966.096360,2532.423000,1,38.035999,-0.730000,-3.037000,0.780000,0.070000,90.099998
1,852.280419,2533.390000,1,37.962002,-0.727000,-2.797000,0.840000,0.480000,90.160004
1,589.868105,2534.242000,1,37.960999,-0.731000,-2.778000,0.840000,0.470000,90.160004
1,638.517409,2534.832000,1,38.007000,-0.740000,-3.024000,0.830000,-0.110000,90.180000
1,729.772303,2535.471000,1,37.964001,-0.731000,-2.818000,0.830000,0.370000,90.160004
1,426.081317,2536.201000,1,38.014000,-0.733000,-2.989000,0.780000,0.150000,90.110001
1,533.260218,2536.627000,1,38.029999,-0.729000,-2.999000,0.720000,0.120000,90.099998
1,862.521889,2537.161000,1,38.026001,-0.724000,-3.056000,0.760000,0.000000,90.129997
1,921.067615,2538.023000,1,37.962002,-0.720000,-2.823000,0.840000,0.480000,90.150002
1,1082.283650,2538.945000,1,37.959999,-0.731000,-2.792000,0.860000,0.530000,90.160004
1,2202.157966,2540.027000,1,37.955002,-0.735000,-2.781000,0.820000,0.540000,90.160004
1,1857.608623,2542.229000,1,38.028999,-0.731000,-3.012000,0.740000,0.090000,90.120003
1,883.534619,2544.087000,1,38.030998,-0.732000,-3.063000,0.810000,-0.120000,90.150002
1,648.424583,2544.971000,1,38.035000,-0.735000,-3.083000,0.820000,-0.120000,90.129997
