2,113.409801,1967.047000,1,36.292999,-0.331000,-2.033000,1.940000,0.460000,-1.370000
2,7.240629,1967.161000,1,36.292999,-0.331000,-2.033000,1.940000,0.460000,-1.370000
2,94.160432,1967.168000,1,36.292999,-0.331000,-2.033000,1.940000,0.460000,-1.370000
2,141.429055,1967.263000,1,36.292999,-0.331000,-2.033000,1.940000,0.460000,-1.370000
2,59.257326,1967.404000,1,36.292999,-0.331000,-2.033000,1.940000,0.460000,-1.370000
2,13.353254,1967.464000,1,36.292999,-0.331000,-2.033000,1.940000,0.460000,-1.370000
2,87.359177,1967.477000,1,36.292999,-0.331000,-2.033000,1.940000,0.460000,-1.370000
2,102.301802,1967.565000,1,36.292999,-0.331000,-2.033000,1.940000,0.460000,-1.370000
2,90.556490,1967.668000,1,36.292999,-0.331000,-2.033000,1.940000,0.460000,-1.370000
2,110.200269,1967.758000,1,36.292999,-0.331000,-2.033000,1.940000,0.460000,-1.370000
2,101.570163,1967.869000,1,36.292999,-0.331000,-2.033000,1.940000,0.460000,-1.370000
2,99.102533,1967.971000,1,36.292999,-0.331000,-2.033000,1.940000,0.460000,-1.370000
2,91.616559,1968.070000,1,36.292999,-0.331000,-2.033000,1.940000,0.460000,-1.370000
2,96.144701,1968.162000,1,36.292999,-0.331000,-2.033000,1.940000,0.460000,-1.370000
2,102.340900,1968.258000,1,36.292999,-0.331000,-2.033000,1.940000,0.460000,-1.370000
2,103.089156,1968.361000,1,36.292999,-0.331000,-2.033000,1.940000,0.460000,-1.370000
2,100.112263,1968.464000,1,36.292999,-0.331000,-2.033000,1.940000,0.460000,-1.370000
2,99.595180,1968.564000,1,36.292999,-0.331000,-2.033000,1.940000,0.460000,-1.370000
2,104.534838,1968.664000,1,36.292999,-0.331000,-2.033000,1.940000,0.460000,-1.370000
2,95.758599,1968.769000,1,36.292999,-0.331000,-2.033000,1.940000,0.460000,-1.370000
2,98.543908,1968.865000,1,36.292999,-0.331000,-2.033000,1.940000,0.460000,-1.370000
2,101.097555,1968.963000,1,36.292999,-0.331000,-2.033000,1.940000,0.460000,-1.370000
2,124.704009,1969.065000,1,36.292999,-0.331000,-2.033000,1.940000,0.460000,-1.370000
2,70.272466,1969.190000,1,36.292999,-0.331000,-2.033000,1.940000,0.460000,-1.370000
2,95.602693,1969.260000,1,36.292999,-0.331000,-2.033000,1.940000,0.460000,-1.370000
2,103.621390,1969.356000,1,36.292999,-0.331000,-2.033000,1.940000,0.460000,-1.370000
2,98.504320,1969.460000,1,36.292999,-0.331000,-2.033000,1.940000,0.460000,-1.370000
2,96.213613,1969.558000,1,36.292999,-0.331000,-2.033000,1.940000,0.460000,-1.370000
2,99.363030,1969.655000,1,36.292999,-0.331000,-2.033000,1.940000,0.460000,-1.370000
2,92.401958,1969.755000,1,36.292999,-0.331000,-2.033000,1.940000,0.460000,-1.370000
2,112.824295,1969.847000,1,36.292999,-0.331000,-2.033000,1.940000,0.460000,-1.370000
2,96.598248,1969.960000,1,36.292999,-0.331000,-2.033000,1.940000,0.460000,-1.370000
2,99.569277,1970.057000,1,36.292999,-0.331000,-2.033000,1.940000,0.460000,-1.370000
2,107.544965,1970.157000,1,36.292999,-0.331000,-2.033000,1.940000,0.460000,-1.370000
2,93.562707,1970.264000,1,36.292999,-0.331000,-2.033000,1.940000,0.460000,-1.370000
2,98.602067,1970.358000,1,36.292999,-0.331000,-2.033000,1.940000,0.460000,-1.370000
2,97.287855,1970.457000,1,36.292999,-0.331000,-2.033000,1.940000,0.460000,-1.370000
2,92.404891,1970.554000,1,36.292999,-0.331000,-2.033000,1.940000,0.460000,-1.370000
2,96.087519,1970.647000,1,36.292999,-0.331000,-2.033000,1.940000,0.460000,-1.370000
2,109.801949,1970.744000,1,36.292999,-0.331000,-2.033000,1.940000,0.460000,-1.370000
2,91.041316,1970.854000,1,36.292999,-0.331000,-2.033000,1.940000,0.460000,-1.370000
2,124.827171,1970.945000,1,36.292999,-0.331000,-2.033000,1.940000,0.460000,-1.370000
2,101.079961,1971.070000,1,36.292999,-0.331000,-2.033000,1.940000,0.460000,-1.370000
2,113.578415,1971.172000,1,36.292999,-0.331000,-2.033000,1.940000,0.460000,-1.370000
2,73.500080,1971.285000,1,36.292999,-0.331000,-2.033000,1.940000,0.460000,-1.370000
2,97.257554,1971.359000,1,36.292999,-0.331000,-2.033000,1.940000,0.460000,-1.370000
2,104.852516,1971.457000,1,36.292999,-0.331000,-2.033000,1.940000,0.460000,-1.370000
2,97.034201,1971.562000,1,36.292999,-0.331000,-2.033000,1.940000,0.460000,-1.370000
2,91.331137,1971.659000,1,36.292999,-0.331000,-2.033000,1.940000,0.460000,-1.370000
2,109.797551,1971.750000,1,36.292999,-0.331000,-2.033000,1.940000,0.460000,-1.370000
2,93.583234,1971.860000,1,36.292999,-0.331000,-2.033000,1.940000,0.460000,-1.370000
2,98.576164,1971.954000,1,36.292999,-0.331000,-2.033000,1.940000,0.460000,-1.370000
2,117.289879,1972.053000,1,36.292999,-0.331000,-2.033000,1.940000,0.460000,-1.370000
2,99.807291,1972.170000,1,36.292999,-0.331000,-2.033000,1.940000,0.460000,-1.370000
2,98.577142,1972.270000,1,36.292999,-0.331000,-2.033000,1.940000,0.460000,-1.370000
2,88.626959,1972.369000,1,36.292999,-0.331000,-2.033000,1.940000,0.460000,-1.370000
2,111.493955,1972.458000,1,36.292999,-0.331000,-2.033000,1.940000,0.460000,-1.370000
2,130.650953,1972.570000,1,36.292999,-0.331000,-2.033000,1.940000,0.460000,-1.370000
2,76.027825,1972.700000,1,36.292999,-0.331000,-2.033000,1.940000,0.460000,-1.370000
2,98.575676,1972.777000,1,36.292999,-0.331000,-2.033000,1.940000,0.460000,-1.370000
2,94.821203,1972.875000,1,36.292999,-0.331000,-2.033000,1.940000,0.460000,-1.370000
2,96.086053,1972.970000,1,36.292999,-0.331000,-2.033000,1.940000,0.460000,-1.370000
2,113.287128,1973.067000,1,36.292999,-0.331000,-2.033000,1.940000,0.460000,-1.370000
2,120.125038,1973.180000,1,36.292999,-0.331000,-2.033000,1.940000,0.460000,-1.370000
2,97.334774,1973.300000,1,36.292999,-0.331000,-2.033000,1.940000,0.460000,-1.370000
2,101.000297,1973.398000,1,36.292999,-0.331000,-2.033000,1.940000,0.460000,-1.370000
2,91.088724,1973.499000,1,36.292999,-0.331000,-2.033000,1.940000,0.460000,-1.370000
2,101.107330,1973.590000,1,36.292999,-0.331000,-2.033000,1.940000,0.460000,-1.370000
2,99.812667,1973.692000,1,36.292999,-0.331000,-2.033000,1.940000,0.460000,-1.370000
2,93.616468,1973.792000,1,36.292999,-0.331000,-2.033000,1.940000,0.460000,-1.370000
2,114.826648,1973.885000,1,36.292999,-0.331000,-2.033000,1.940000,0.460000,-1.370000
2,98.633347,1974.000000,1,36.292999,-0.331000,-2.033000,1.940000,0.460000,-1.370000
2,132.294084,1974.099000,1,36.292999,-0.331000,-2.033000,1.940000,0.460000,-1.370000
2,139.792766,1974.232000,1,36.292999,-0.331000,-2.033000,1.940000,0.460000,-1.370000
2,136.162432,1974.371000,1,36.292999,-0.331000,-2.033000,1.940000,0.460000,-1.370000
2,117.313338,1974.508000,1,36.292999,-0.331000,-2.033000,1.940000,0.460000,-1.370000
2,113.619958,1974.625000,1,36.292999,-0.331000,-2.033000,1.940000,0.460000,-1.370000
2,159.496660,1974.739000,1,36.292999,-0.331000,-2.033000,1.940000,0.460000,-1.370000
2,302.650955,1974.899000,1,36.292999,-0.331000,-2.033000,1.940000,0.460000,-1.370000
2,153.538964,1975.202000,1,36.292999,-0.331000,-2.033000,1.940000,0.460000,-1.370000
2,158.631108,1975.355000,1,36.292999,-0.331000,-2.033000,1.940000,0.460000,-1.370000
2,97.300563,1975.514000,1,36.292999,-0.331000,-2.033000,1.940000,0.460000,-1.370000
2,861.091847,1975.611000,1,36.292999,-0.331000,-2.033000,1.940000,0.460000,-1.370000
2,128.559650,1976.473000,1,36.292999,-0.331000,-2.033000,1.940000,0.460000,-1.370000
2,183.572301,1976.601000,1,36.292999,-0.331000,-2.033000,1.940000,0.460000,-1.370000
2,94.277240,1976.785000,1,36.292999,-0.331000,-2.033000,1.940000,0.460000,-1.370000
2,124.077938,1976.880000,1,36.292999,-0.331000,-2.033000,1.940000,0.460000,-1.370000
2,211.096465,1977.004000,1,36.292999,-0.331000,-2.033000,1.940000,0.460000,-1.370000
2,112.280331,1977.215000,1,36.292999,-0.331000,-2.033000,1.940000,0.460000,-1.370000
2,237.346005,1977.328000,1,36.292999,-0.331000,-2.033000,1.940000,0.460000,-1.370000
2,144.396662,1977.565000,1,36.292999,-0.331000,-2.033000,1.940000,0.460000,-1.370000
2,326.483205,1977.710000,1,36.292999,-0.331000,-2.033000,1.940000,0.460000,-1.370000
2,145.741665,1978.036000,1,36.292999,-0.331000,-2.033000,1.940000,0.460000,-1.370000
2,207.612753,1978.182000,1,36.292999,-0.331000,-2.033000,1.940000,0.460000,-1.370000
2,246.102206,1978.390000,1,36.292999,-0.331000,-2.033000,1.940000,0.460000,-1.370000
2,174.348380,1978.636000,1,36.292999,-0.331000,-2.033000,1.940000,0.460000,-1.370000
2,187.729492,1978.811000,1,36.292999,-0.331000,-2.033000,1.940000,0.460000,-1.370000
2,118.552285,1978.999000,1,36.292999,-0.331000,-2.033000,1.940000,0.460000,-1.370000
2,122.314577,1979.118000,1,36.292999,-0.331000,-2.033000,1.940000,0.460000,-1.370000
2,659.808718,1979.240000,1,36.292999,-0.331000,-2.033000,1.940000,0.460000,-1.370000
2,741.077263,1979.900000,1,36.292999,-0.331000,-2.033000,1.940000,0.460000,-1.370000
2,1249.756976,1980.641000,1,36.292999,-0.331000,-2.033000,1.940000,0.460000,-1.370000
2,856.041734,1981.891000,1,36.292999,-0.331000,-2.033000,1.940000,0.460000,-1.370000
2,601.099266,1982.747000,1,36.292999,-0.331000,-2.033000,1.940000,0.460000,-1.370000
2,449.823639,1983.349000,1,36.292999,-0.331000,-2.033000,1.940000,0.460000,-1.370000
2,113.521722,1983.799000,1,36.292999,-0.331000,-2.033000,1.940000,0.460000,-1.370000
2,138.637882,1983.912000,1,36.292999,-0.331000,-2.033000,1.940000,0.460000,-1.370000
2,248.220389,1984.051000,1,36.292999,-0.331000,-2.033000,1.940000,0.460000,-1.370000
2,117.634438,1984.300000,1,36.292999,-0.331000,-2.033000,1.940000,0.460000,-1.370000
2,136.081302,1984.417000,1,36.292999,-0.331000,-2.033000,1.940000,0.460000,-1.370000
2,262.326786,1984.554000,1,36.292999,-0.331000,-2.033000,1.940000,0.460000,-1.370000
2,412.298463,1984.816000,1,36.292999,-0.331000,-2.033000,1.940000,0.460000,-1.370000
2,183.552752,1985.229000,1,36.292999,-0.331000,-2.033000,1.940000,0.460000,-1.370000
2,408.593353,1985.412000,1,36.292999,-0.331000,-2.033000,1.940000,0.460000,-1.370000
2,107.311349,1985.821000,1,36.292999,-0.331000,-2.033000,1.940000,0.460000,-1.370000
2,1017.391683,1985.929000,1,36.292999,-0.331000,-2.033000,1.940000,0.460000,-1.370000
2,787.220815,1986.946000,1,36.292999,-0.331000,-2.033000,1.940000,0.460000,-1.370000
2,424.818911,1987.734000,1,36.292999,-0.331000,-2.033000,1.940000,0.460000,-1.370000
2,742.326962,1988.158000,1,36.292999,-0.331000,-2.033000,1.940000,0.460000,-1.370000
2,582.301977,1988.902000,1,36.292999,-0.331000,-2.033000,1.940000,0.460000,-1.370000
2,799.781828,1989.484000,1,36.292999,-0.331000,-2.033000,1.940000,0.460000,-1.370000
2,608.579375,1990.284000,1,36.292999,-0.331000,-2.033000,1.940000,0.460000,-1.370000
2,896.999306,1990.893000,1,36.292999,-0.331000,-2.033000,1.940000,0.460000,-1.370000
2,466.334619,1991.790000,1,36.292999,-0.331000,-2.033000,1.940000,0.460000,-1.370000
2,1104.883796,1992.257000,1,36.292999,-0.331000,-2.033000,1.940000,0.460000,-1.370000
2,516.030308,1993.362000,1,36.292999,-0.331000,-2.033000,1.940000,0.460000,-1.370000
2,852.300946,1993.878000,1,36.292999,-0.331000,-2.033000,1.940000,0.460000,-1.370000
2,599.811934,1994.730000,1,36.292999,-0.331000,-2.033000,1.940000,0.460000,-1.370000
2,796.033220,1995.330000,1,36.292999,-0.331000,-2.033000,1.940000,0.460000,-1.370000
2,491.104266,1996.127000,1,36.292999,-0.331000,-2.033000,1.940000,0.460000,-1.370000
2,549.820560,1996.618000,1,36.292999,-0.331000,-2.033000,1.940000,0.460000,-1.370000
2,734.819972,1997.168000,1,36.292999,-0.331000,-2.033000,1.940000,0.460000,-1.370000
2,622.265459,1997.903000,1,36.292999,-0.331000,-2.033000,1.940000,0.460000,-1.370000
2,788.545780,1998.525000,1,36.292999,-0.331000,-2.033000,1.940000,0.460000,-1.370000
2,461.097809,1999.314000,1,36.292999,-0.331000,-2.033000,1.940000,0.460000,-1.370000
2,984.751426,1999.775000,1,36.292999,-0.331000,-2.033000,1.940000,0.460000,-1.370000
2,823.552497,2000.760000,1,36.292999,-0.331000,-2.033000,1.940000,0.460000,-1.370000
2,566.968852,2001.584000,1,36.292999,-0.331000,-2.033000,1.940000,0.460000,-1.370000
2,727.670248,2002.151000,1,36.292999,-0.331000,-2.033000,1.940000,0.460000,-1.370000
2,716.058361,2002.879000,1,36.292999,-0.331000,-2.033000,1.940000,0.460000,-1.370000
2,546.038719,2003.595000,1,36.292999,-0.331000,-2.033000,1.940000,0.460000,-1.370000
2,424.863875,2004.141000,1,36.292999,-0.331000,-2.033000,1.940000,0.460000,-1.370000
2,528.605493,2004.566000,1,36.292999,-0.331000,-2.033000,1.940000,0.460000,-1.370000
2,638.527672,2005.095000,1,36.292999,-0.331000,-2.033000,1.940000,0.460000,-1.370000
2,1393.545161,2005.735000,1,36.292999,-0.331000,-2.033000,1.940000,0.460000,-1.370000
2,729.743467,2007.129000,1,36.292999,-0.331000,-2.033000,1.940000,0.460000,-1.370000
2,832.394226,2007.858000,1,36.292999,-0.331000,-2.033000,1.940000,0.460000,-1.370000
2,1107.237061,2008.691000,1,36.292999,-0.331000,-2.033000,1.940000,0.460000,-1.370000
2,1277.343210,2009.798000,1,36.292999,-0.331000,-2.033000,1.940000,0.460000,-1.370000
2,908.512956,2011.076000,1,36.292999,-0.331000,-2.033000,1.940000,0.460000,-1.370000
2,1491.261639,2011.985000,1,36.292999,-0.331000,-2.033000,1.940000,0.460000,-1.370000
2,984.707440,2013.476000,1,36.292999,-0.331000,-2.033000,1.940000,0.460000,-1.370000
2,1004.497352,2014.461000,1,36.292999,-0.331000,-2.033000,1.940000,0.460000,-1.370000
2,1091.574039,2015.465000,1,36.292999,-0.331000,-2.033000,1.940000,0.460000,-1.370000
2,1098.202770,2016.557000,1,36.292999,-0.331000,-2.033000,1.940000,0.460000,-1.370000
2,1127.326080,2017.656000,1,36.292999,-0.331000,-2.033000,1.940000,0.460000,-1.370000
2,636.132864,2018.783000,1,36.292999,-0.331000,-2.033000,1.940000,0.460000,-1.370000
2,505.982866,2019.419000,1,36.292999,-0.331000,-2.033000,1.940000,0.460000,-1.370000
2,413.614630,2019.925000,1,36.292999,-0.331000,-2.033000,1.940000,0.460000,-1.370000
2,423.555039,2020.339000,1,36.292999,-0.331000,-2.033000,1.940000,0.460000,-1.370000
2,693.487051,2020.763000,1,36.292999,-0.331000,-2.033000,1.940000,0.460000,-1.370000
2,442.350372,2021.457000,1,36.292999,-0.331000,-2.033000,1.940000,0.460000,-1.370000
2,1139.821601,2021.899000,1,36.292999,-0.331000,-2.033000,1.940000,0.460000,-1.370000
2,913.519082,2023.039000,1,36.292999,-0.331000,-2.033000,1.940000,0.460000,-1.370000
2,943.503546,2023.954000,1,36.292999,-0.331000,-2.033000,1.940000,0.460000,-1.370000
2,854.828691,2024.898000,1,36.292999,-0.331000,-2.033000,1.940000,0.460000,-1.370000
2,491.311001,2025.753000,1,36.292999,-0.331000,-2.033000,1.940000,0.460000,-1.370000
2,439.255694,2026.244000,1,36.292999,-0.331000,-2.033000,1.940000,0.460000,-1.370000
2,972.578959,2026.683000,1,36.292999,-0.331000,-2.033000,1.940000,0.460000,-1.370000
2,952.314484,2027.656000,1,36.292999,-0.331000,-2.033000,1.940000,0.460000,-1.370000
2,863.572184,2028.609000,1,36.292999,-0.331000,-2.033000,1.940000,0.460000,-1.370000
2,1427.284586,2029.472000,1,36.292999,-0.331000,-2.033000,1.940000,0.460000,-1.370000
2,677.292283,2030.900000,1,36.292999,-0.331000,-2.033000,1.940000,0.460000,-1.370000
2,706.059304,2031.577000,1,36.292999,-0.331000,-2.033000,1.940000,0.460000,-1.370000
2,787.308299,2032.284000,1,36.292999,-0.331000,-2.033000,1.940000,0.460000,-1.370000
2,1208.364918,2033.071000,1,36.292999,-0.331000,-2.033000,1.940000,0.460000,-1.370000
2,832.332157,2034.280000,1,36.292999,-0.331000,-2.033000,1.940000,0.460000,-1.370000
2,1894.977892,2035.112000,1,36.292999,-0.331000,-2.033000,1.940000,0.460000,-1.370000
2,1529.788235,2037.007000,1,36.292999,-0.331000,-2.033000,1.940000,0.460000,-1.370000
2,3090.974359,2038.537000,1,36.292999,-0.331000,-2.033000,1.940000,0.460000,-1.370000
2,1942.396069,2041.629000,1,36.292999,-0.331000,-2.033000,1.940000,0.460000,-1.370000
2,1459.662879,2043.572000,1,36.292999,-0.331000,-2.033000,1.940000,0.460000,-1.370000
2,1522.095037,2045.031000,1,36.292999,-0.331000,-2.033000,1.940000,0.460000,-1.370000
2,2187.597533,2046.554000,1,36.292999,-0.331000,-2.033000,1.940000,0.460000,-1.370000
2,3469.778255,2048.741000,1,36.292999,-0.331000,-2.033000,1.940000,0.460000,-1.370000
2,1341.046081,2052.211000,1,36.292999,-0.331000,-2.033000,1.940000,0.460000,-1.370000
2,1763.533231,2053.552000,1,36.292999,-0.331000,-2.033000,1.940000,0.460000,-1.370000
2,2176.022791,2055.316000,1,36.292999,-0.331000,-2.033000,1.940000,0.460000,-1.370000
2,1400.955871,2057.492000,1,36.292999,-0.331000,-2.033000,1.940000,0.460000,-1.370000
2,1199.875568,2058.894000,1,36.292999,-0.331000,-2.033000,1.940000,0.460000,-1.370000
2,492.304113,2060.094000,1,36.292999,-0.331000,-2.033000,1.940000,0.460000,-1.370000
2,793.399420,2060.587000,1,36.292999,-0.331000,-2.033000,1.940000,0.460000,-1.370000
2,532.462112,2061.380000,1,36.292999,-0.331000,-2.033000,1.940000,0.460000,-1.370000
2,727.262642,2061.913000,1,36.292999,-0.331000,-2.033000,1.940000,0.460000,-1.370000
2,736.080423,2062.641000,1,36.292999,-0.331000,-2.033000,1.940000,0.460000,-1.370000
2,827.289375,2063.377000,1,36.292999,-0.331000,-2.033000,1.940000,0.460000,-1.370000
2,2053.531291,2064.204000,1,36.292999,-0.331000,-2.033000,1.940000,0.460000,-1.370000
2,1972.101952,2066.258000,1,36.292999,-0.331000,-2.033000,1.940000,0.460000,-1.370000
2,1835.067125,2068.230000,1,36.292999,-0.331000,-2.033000,1.940000,0.460000,-1.370000
2,809.797502,2070.065000,1,36.292999,-0.331000,-2.033000,1.940000,0.460000,-1.370000
2,113.626311,2070.875000,1,36.292999,-0.331000,-2.033000,1.940000,0.460000,-1.370000
2,163.395310,2070.989000,1,36.292999,-0.331000,-2.033000,1.940000,0.460000,-1.370000
2,746.025718,2071.153000,1,36.292999,-0.331000,-2.033000,1.940000,0.460000,-1.370000
2,614.950054,2071.899000,1,36.292999,-0.331000,-2.033000,1.940000,0.460000,-1.370000
2,737.246059,2072.514000,1,36.292999,-0.331000,-2.033000,1.940000,0.460000,-1.370000
2,832.389339,2073.251000,1,36.292999,-0.331000,-2.033000,1.940000,0.460000,-1.370000
2,881.025936,2074.084000,1,36.292999,-0.331000,-2.033000,1.940000,0.460000,-1.370000
2,997.221045,2074.965000,1,36.292999,-0.331000,-2.033000,1.940000,0.460000,-1.370000
2,784.858753,2075.963000,1,36.292999,-0.331000,-2.033000,1.940000,0.460000,-1.370000
2,1043.563513,2076.748000,1,36.292999,-0.331000,-2.033000,1.940000,0.460000,-1.370000
2,604.785804,2077.792000,1,36.292999,-0.331000,-2.033000,1.940000,0.460000,-1.370000
2,659.832666,2078.397000,1,36.292999,-0.331000,-2.033000,1.940000,0.460000,-1.370000
2,1775.831304,2079.057000,1,36.292999,-0.331000,-2.033000,1.940000,0.460000,-1.370000
2,1355.021008,2080.833000,1,36.292999,-0.331000,-2.033000,1.940000,0.460000,-1.370000
2,802.319836,2082.188000,1,36.292999,-0.331000,-2.033000,1.940000,0.460000,-1.370000
2,3198.543761,2082.991000,1,36.292999,-0.331000,-2.033000,1.940000,0.460000,-1.370000
2,1201.002594,2086.189000,1,36.292999,-0.331000,-2.033000,1.940000,0.460000,-1.370000
2,1021.059160,2087.391000,1,36.292999,-0.331000,-2.033000,1.940000,0.460000,-1.370000
2,1021.060138,2088.412000,1,36.292999,-0.331000,-2.033000,1.940000,0.460000,-1.370000
2,596.012987,2089.433000,1,36.292999,-0.331000,-2.033000,1.940000,0.460000,-1.370000
2,497.265276,2090.029000,1,36.292999,-0.331000,-2.033000,1.940000,0.460000,-1.370000
2,564.832586,2090.527000,1,36.292999,-0.331000,-2.033000,1.940000,0.460000,-1.370000
2,538.550300,2091.092000,1,36.292999,-0.331000,-2.033000,1.940000,0.460000,-1.370000
2,1380.987570,2091.630000,1,36.292999,-0.331000,-2.033000,1.940000,0.460000,-1.370000
2,919.872655,2093.012000,1,36.292999,-0.331000,-2.033000,1.940000,0.460000,-1.370000
2,833.271997,2093.933000,1,36.292999,-0.331000,-2.033000,1.940000,0.460000,-1.370000
2,712.268211,2094.766000,1,36.292999,-0.331000,-2.033000,1.940000,0.460000,-1.370000
2,120.842503,2095.479000,1,36.292999,-0.331000,-2.033000,1.940000,0.460000,-1.370000
2,97.509253,2095.600000,1,36.292999,-0.331000,-2.033000,1.940000,0.460000,-1.370000
2,438.608118,2095.697000,1,36.292999,-0.331000,-2.033000,1.940000,0.460000,-1.370000
2,1116.082700,2096.136000,1,36.292999,-0.331000,-2.033000,1.940000,0.460000,-1.370000
2,3106.049921,2097.252000,1,36.292999,-0.331000,-2.033000,1.940000,0.460000,-1.370000
2,91.045226,2100.359000,1,36.292999,-0.331000,-2.033000,1.940000,0.460000,-1.370000
2,117.319692,2100.450000,1,36.292999,-0.331000,-2.033000,1.940000,0.460000,-1.370000
2,2114.801233,2100.567000,1,36.292999,-0.331000,-2.033000,1.940000,0.460000,-1.370000
2,2894.752585,2102.682000,1,36.292999,-0.331000,-2.033000,1.940000,0.460000,-1.370000
2,1497.232530,2105.577000,1,36.292999,-0.331000,-2.033000,1.940000,0.460000,-1.370000
2,1588.641377,2107.074000,1,36.292999,-0.331000,-2.033000,1.940000,0.460000,-1.370000
2,1926.027800,2108.663000,1,36.292999,-0.331000,-2.033000,1.940000,0.460000,-1.370000
2,669.707584,2110.590000,1,36.292999,-0.331000,-2.033000,1.940000,0.460000,-1.370000
2,1187.322375,2111.260000,1,36.292999,-0.331000,-2.033000,1.940000,0.460000,-1.370000
2,501.083284,2112.448000,1,36.292999,-0.331000,-2.033000,1.940000,0.460000,-1.370000
2,529.430480,2112.949000,1,36.292999,-0.331000,-2.033000,1.940000,0.460000,-1.370000
2,541.400122,2113.479000,1,36.292999,-0.331000,-2.033000,1.940000,0.460000,-1.370000
2,1182.214591,2114.020000,1,36.292999,-0.331000,-2.033000,1.940000,0.460000,-1.370000
2,609.832984,2115.203000,1,36.292999,-0.331000,-2.033000,1.940000,0.460000,-1.370000
2,492.301181,2115.813000,1,36.292999,-0.331000,-2.033000,1.940000,0.460000,-1.370000
2,547.288417,2116.305000,1,36.292999,-0.331000,-2.033000,1.940000,0.460000,-1.370000
2,418.549401,2116.853000,1,36.292999,-0.331000,-2.033000,1.940000,0.460000,-1.370000
2,483.547913,2117.271000,1,36.292999,-0.331000,-2.033000,1.940000,0.460000,-1.370000
2,298.632565,2117.755000,1,36.292999,-0.331000,-2.033000,1.940000,0.460000,-1.370000
2,588.521636,2118.054000,1,36.292999,-0.331000,-2.033000,1.940000,0.460000,-1.370000
2,535.953644,2118.643000,1,36.292999,-0.331000,-2.033000,1.940000,0.460000,-1.370000
2,649.839963,2119.179000,1,36.292999,-0.331000,-2.033000,1.940000,0.460000,-1.370000
2,407.259592,2119.829000,1,36.292999,-0.331000,-2.033000,1.940000,0.460000,-1.370000
2,454.874241,2120.236000,1,36.292999,-0.331000,-2.033000,1.940000,0.460000,-1.370000
2,883.498453,2120.691000,1,36.292999,-0.331000,-2.033000,1.940000,0.460000,-1.370000
2,565.826187,2121.575000,1,36.292999,-0.331000,-2.033000,1.940000,0.460000,-1.370000
2,967.505387,2122.141000,1,36.292999,-0.331000,-2.033000,1.940000,0.460000,-1.370000
2,612.329938,2123.109000,1,36.292999,-0.331000,-2.033000,1.940000,0.460000,-1.370000
2,1083.544590,2123.721000,1,36.292999,-0.331000,-2.033000,1.940000,0.460000,-1.370000
2,1656.149549,2124.805000,1,36.292999,-0.331000,-2.033000,1.940000,0.460000,-1.370000
2,724.753958,2126.461000,1,36.292999,-0.331000,-2.033000,1.940000,0.460000,-1.370000
2,1026.008104,2127.186000,1,36.292999,-0.331000,-2.033000,1.940000,0.460000,-1.370000
2,1319.880866,2128.213000,1,36.292999,-0.331000,-2.033000,1.940000,0.460000,-1.370000
2,1692.280849,2129.533000,1,36.292999,-0.331000,-2.033000,1.940000,0.460000,-1.370000
2,1402.322866,2131.226000,1,36.292999,-0.331000,-2.033000,1.940000,0.460000,-1.370000
2,1841.032641,2132.628000,1,36.292999,-0.331000,-2.033000,1.940000,0.460000,-1.370000
2,1351.070553,2134.469000,1,36.292999,-0.331000,-2.033000,1.940000,0.460000,-1.370000
2,2404.738201,2135.820000,1,36.292999,-0.331000,-2.033000,1.940000,0.460000,-1.370000
2,2616.104449,2138.225000,1,36.292999,-0.331000,-2.033000,1.940000,0.460000,-1.370000
2,1817.298627,2140.841000,1,36.292999,-0.331000,-2.033000,1.940000,0.460000,-1.370000
2,1324.465212,2142.659000,1,36.292999,-0.331000,-2.033000,1.940000,0.460000,-1.370000
2,1086.441819,2143.983000,1,36.292999,-0.331000,-2.033000,1.940000,0.460000,-1.370000
2,983.390784,2145.070000,1,36.292999,-0.331000,-2.033000,1.940000,0.460000,-1.370000
2,634.842111,2146.055000,1,36.292999,-0.331000,-2.033000,1.940000,0.460000,-1.370000
2,1476.060472,2146.690000,1,36.292999,-0.331000,-2.033000,1.940000,0.460000,-1.370000
2,867.315904,2148.166000,1,36.292999,-0.331000,-2.033000,1.940000,0.460000,-1.370000
2,763.480937,2149.033000,1,36.292999,-0.331000,-2.033000,1.940000,0.460000,-1.370000
2,824.820279,2149.797000,1,36.292999,-0.331000,-2.033000,1.940000,0.460000,-1.370000
2,504.802079,2150.622000,1,36.292999,-0.331000,-2.033000,1.940000,0.460000,-1.370000
2,699.802013,2151.127000,1,36.292999,-0.331000,-2.033000,1.940000,0.460000,-1.370000
2,623.625612,2151.827000,1,36.292999,-0.331000,-2.033000,1.940000,0.460000,-1.370000
2,343.472169,2152.451000,1,36.292999,-0.331000,-2.033000,1.940000,0.460000,-1.370000
2,117.339730,2152.794000,1,36.292999,-0.331000,-2.033000,1.940000,0.460000,-1.370000
2,619.789521,2152.912000,1,36.292999,-0.331000,-2.033000,1.940000,0.460000,-1.370000
2,369.752010,2153.532000,1,36.292999,-0.331000,-2.033000,1.940000,0.460000,-1.370000
2,726.983573,2153.902000,1,36.292999,-0.331000,-2.033000,1.940000,0.460000,-1.370000
2,842.709984,2154.629000,1,36.292999,-0.331000,-2.033000,1.940000,0.460000,-1.370000
2,1114.190802,2155.472000,1,36.292999,-0.331000,-2.033000,1.940000,0.460000,-1.370000
2,777.895237,2156.586000,1,36.292999,-0.331000,-2.033000,1.940000,0.460000,-1.370000
2,1648.617145,2157.364000,1,36.292999,-0.331000,-2.033000,1.940000,0.460000,-1.370000
2,700.970581,2159.013000,1,36.292999,-0.331000,-2.033000,1.940000,0.460000,-1.370000
2,947.298583,2159.714000,1,36.292999,-0.331000,-2.033000,1.940000,0.460000,-1.370000
2,1161.044977,2160.662000,1,36.292999,-0.331000,-2.033000,1.940000,0.460000,-1.370000
2,557.296760,2161.823000,1,34.074001,-2.295000,-1.779000,2.260000,0.280000,-0.360000
2,578.613973,2162.380000,1,38.226002,-5.586000,-1.320000,1.710000,1.320000,-1.300000
2,642.261618,2162.959000,1,41.074001,-7.351000,-1.175000,1.950000,1.320000,-0.750000
2,1716.016330,2163.602000,1,41.410000,-6.825000,-1.106000,1.650000,1.110000,0.250000
2,746.032072,2165.319000,1,41.511002,-6.907000,-1.192000,1.970000,1.640000,0.250000
2,489.852612,2166.065000,1,41.511002,-6.907000,-1.192000,1.970000,1.640000,0.250000
2,788.523787,2166.555000,1,40.216999,-6.421000,-1.441000,2.040000,0.270000,0.020000
2,662.022694,2167.344000,1,40.203999,-6.437000,-1.474000,2.140000,0.470000,0.090000
2,1326.325343,2168.006000,1,40.205002,-6.425000,-1.429000,2.130000,0.440000,0.020000
2,354.870478,2169.332000,1,40.207001,-6.432000,-1.379000,2.170000,0.410000,0.020000
2,387.321104,2169.687000,1,40.210999,-6.420000,-1.356000,2.230000,0.680000,0.030000
2,214.728754,2170.075000,1,40.223000,-6.423000,-1.370000,2.080000,0.310000,0.070000
2,266.057310,2170.290000,1,40.223000,-6.423000,-1.370000,2.080000,0.310000,0.070000
2,97.307405,2170.556000,1,40.212002,-6.424000,-1.411000,2.110000,0.470000,0.010000
2,174.852267,2170.653000,1,40.174000,-6.402000,-1.172000,2.080000,1.190000,0.010000
2,169.827569,2170.828000,1,40.160000,-6.402000,-1.181000,1.830000,1.460000,0.050000
2,206.108911,2170.998000,1,40.212002,-6.411000,-1.432000,2.160000,0.500000,0.060000
2,217.290710,2171.205000,1,40.209999,-6.407000,-1.400000,2.010000,0.450000,0.050000
2,176.002264,2171.422000,1,40.160000,-6.409000,-1.201000,2.110000,1.470000,0.030000
2,112.365860,2171.598000,1,40.210999,-6.416000,-1.418000,2.090000,0.450000,0.020000
2,194.752633,2171.711000,1,40.221001,-6.399000,-1.397000,1.960000,0.350000,0.010000
2,116.104204,2171.906000,1,40.226002,-6.419000,-1.370000,2.010000,0.450000,0.050000
2,525.828982,2172.022000,1,40.235001,-6.407000,-1.379000,1.930000,0.370000,0.080000
2,248.888980,2172.548000,1,40.212002,-6.408000,-1.418000,1.990000,0.420000,0.000000
2,191.000605,2172.797000,1,40.234001,-6.405000,-1.366000,1.910000,0.400000,0.080000
2,222.818318,2172.988000,1,40.230999,-6.420000,-1.402000,2.160000,0.350000,0.090000
2,152.959323,2173.211000,1,40.216000,-6.390000,-1.381000,1.830000,0.490000,0.010000
2,358.614687,2173.365000,1,40.216000,-6.412000,-1.456000,2.020000,0.430000,0.030000
2,151.056672,2173.723000,1,40.208000,-6.402000,-1.426000,2.020000,0.410000,0.010000
2,182.349971,2173.875000,1,40.214001,-6.405000,-1.425000,1.820000,0.540000,0.040000
2,198.467030,2174.057000,1,40.214001,-6.405000,-1.425000,1.820000,0.540000,0.040000
2,99.798494,2174.256000,1,40.224998,-6.420000,-1.384000,2.030000,0.470000,0.040000
2,183.506810,2174.356000,1,40.207001,-6.412000,-1.440000,2.180000,0.460000,0.040000
2,162.389491,2174.539000,1,40.237000,-6.418000,-1.388000,2.040000,0.330000,0.100000
2,512.264105,2174.702000,1,40.233002,-6.426000,-1.407000,2.010000,0.460000,0.060000
2,422.354702,2175.214000,1,40.209000,-6.412000,-1.423000,2.130000,0.500000,0.010000
2,203.543534,2175.637000,1,40.205002,-6.409000,-1.445000,2.090000,0.460000,0.010000
2,194.610900,2175.841000,1,40.212002,-6.413000,-1.456000,2.040000,0.520000,0.020000
2,209.949401,2176.036000,1,40.212002,-6.399000,-1.411000,1.980000,0.410000,0.010000
2,157.361371,2176.246000,1,40.229000,-6.416000,-1.395000,1.920000,0.370000,0.080000
2,382.194260,2176.403000,1,40.217999,-6.403000,-1.413000,1.770000,0.460000,0.050000
2,386.140317,2176.786000,1,40.206001,-6.407000,-1.391000,1.920000,0.500000,0.000000
2,99.840037,2177.172000,1,40.171001,-6.397000,-1.190000,2.020000,1.130000,0.040000
2,167.319374,2177.272000,1,40.228001,-6.419000,-1.370000,2.000000,0.270000,0.070000
2,139.796676,2177.439000,1,40.228001,-6.419000,-1.370000,2.000000,0.270000,0.070000
2,172.298620,2177.579000,1,40.205002,-6.405000,-1.426000,2.110000,0.560000,0.040000
2,261.102990,2177.752000,1,40.205002,-6.408000,-1.413000,1.900000,0.560000,-0.000000
2,175.954368,2178.013000,1,40.212002,-6.399000,-1.398000,1.810000,0.490000,0.020000
2,152.350357,2178.189000,1,40.216000,-6.406000,-1.441000,2.000000,0.300000,0.000000
2,307.480159,2178.342000,1,40.167000,-6.402000,-1.212000,1.980000,1.340000,0.040000
2,579.674042,2178.650000,1,40.230000,-6.410000,-1.375000,1.920000,0.380000,0.090000
2,572.228144,2179.229000,1,40.165001,-6.408000,-1.218000,2.130000,1.320000,0.070000
2,492.084182,2179.802000,1,40.207001,-6.417000,-1.429000,2.250000,0.600000,0.030000
2,317.526134,2180.294000,1,40.222000,-6.402000,-1.447000,2.040000,0.350000,0.040000
2,193.569891,2180.613000,1,40.167000,-6.402000,-1.192000,2.030000,1.270000,0.070000
2,202.372522,2180.807000,1,40.167000,-6.402000,-1.192000,2.030000,1.270000,0.070000
2,352.266490,2181.009000,1,40.160999,-6.410000,-1.196000,2.020000,1.290000,0.050000
2,176.057491,2181.362000,1,40.215000,-6.423000,-1.456000,2.070000,0.390000,0.050000
2,1478.573555,2181.538000,1,40.224998,-6.418000,-1.395000,2.000000,0.620000,0.070000
2,1671.002247,2183.016000,1,40.219002,-6.414000,-1.415000,2.070000,0.250000,0.030000
2,2188.616060,2184.688000,1,40.179001,-6.404000,-1.209000,2.070000,1.190000,0.000000
2,1064.891479,2186.876000,1,40.188999,-6.412000,-1.145000,1.980000,1.260000,0.130000
2,782.185854,2187.941000,1,40.213001,-6.406000,-1.451000,2.000000,0.440000,0.010000
2,617.382494,2188.724000,1,40.230000,-6.415000,-1.381000,1.970000,0.480000,0.100000
2,645.942291,2189.341000,1,40.187000,-6.410000,-1.138000,1.910000,1.300000,0.130000
2,702.358593,2189.987000,1,40.187000,-6.410000,-1.138000,1.910000,1.300000,0.130000
2,552.343417,2190.690000,1,40.217999,-6.409000,-1.434000,2.130000,0.440000,-0.000000
2,700.861593,2191.242000,1,40.171001,-6.393000,-1.197000,1.890000,1.290000,0.050000
2,657.466694,2191.943000,1,40.171001,-6.393000,-1.197000,1.890000,1.290000,0.050000
2,738.560271,2192.601000,1,40.214001,-6.415000,-1.447000,2.160000,0.430000,0.030000
2,471.046526,2193.340000,1,40.236000,-6.414000,-1.405000,2.070000,0.310000,0.050000
2,637.259890,2193.811000,1,40.179001,-6.393000,-1.201000,1.970000,1.330000,0.050000
2,427.304135,2194.449000,1,40.174999,-6.393000,-1.161000,1.760000,1.280000,0.040000
2,949.843922,2194.876000,1,40.166000,-6.402000,-1.225000,1.970000,1.300000,0.100000
2,657.275109,2195.826000,1,40.168999,-6.402000,-1.197000,2.020000,1.240000,0.020000
2,543.538344,2196.483000,1,40.193001,-6.403000,-1.169000,1.940000,1.240000,0.110000
2,974.778273,2197.027000,1,40.217999,-6.399000,-1.409000,1.780000,0.480000,0.020000
2,658.599096,2198.003000,1,40.215000,-6.406000,-1.425000,2.050000,0.560000,0.020000
2,427.333459,2198.662000,1,40.207001,-6.398000,-1.400000,1.800000,0.530000,0.030000
2,798.386486,2199.089000,1,40.207001,-6.398000,-1.400000,1.800000,0.530000,0.030000
2,2159.963892,2199.888000,1,40.229000,-6.418000,-1.378000,1.990000,0.460000,0.050000
2,2032.286900,2202.048000,1,40.230999,-6.415000,-1.370000,1.990000,0.480000,0.050000
2,6335.762353,2204.080000,1,40.243999,-6.415000,-1.396000,2.050000,0.420000,0.020000
2,3426.220118,2210.416000,1,40.230000,-6.415000,-1.396000,2.080000,0.410000,0.110000
2,3357.287279,2213.842000,1,40.230000,-6.423000,-1.407000,2.050000,0.450000,0.080000
2,3222.308077,2217.201000,1,40.213001,-6.399000,-1.433000,1.890000,0.560000,-0.000000
2,4711.078138,2220.423000,1,40.202999,-6.405000,-1.441000,2.130000,0.550000,-0.000000
2,5609.747944,2225.134000,1,40.202999,-6.405000,-1.441000,2.130000,0.550000,-0.000000
2,3314.781879,2230.744000,1,40.202999,-6.405000,-1.441000,2.130000,0.550000,-0.000000
2,3413.455302,2234.060000,1,40.368000,-6.421000,-1.487000,1.860000,0.450000,-0.080000
2,2752.181841,2237.474000,1,40.227001,-6.366000,-1.479000,1.930000,0.480000,-0.000000
2,1193.635871,2240.226000,1,40.186001,-6.423000,-1.180000,1.990000,1.190000,0.070000
2,1229.861986,2241.420000,1,40.250000,-6.446000,-1.407000,1.970000,0.270000,0.060000
2,952.321327,2242.650000,1,40.221001,-6.414000,-1.465000,2.160000,0.480000,0.090000
2,738.541699,2243.602000,1,40.230000,-6.396000,-1.449000,1.890000,0.430000,-0.020000
2,823.531970,2244.341000,1,40.185001,-6.383000,-1.193000,1.840000,1.310000,0.030000
2,816.055282,2245.164000,1,40.223000,-6.414000,-1.457000,2.050000,0.450000,0.020000
2,1013.298027,2245.981000,1,40.219002,-6.394000,-1.443000,1.710000,0.610000,-0.000000
2,916.303413,2246.994000,1,40.206001,-6.428000,-1.524000,2.390000,0.570000,0.100000
2,978.612898,2247.911000,1,40.216000,-6.423000,-1.422000,2.010000,0.480000,0.080000
2,715.965990,2248.889000,1,40.224998,-6.408000,-1.490000,2.230000,0.390000,-0.010000
2,659.835599,2249.606000,1,40.219002,-6.406000,-1.459000,2.160000,0.290000,-0.020000
2,442.341575,2250.266000,1,40.224998,-6.401000,-1.495000,2.120000,0.380000,0.000000
2,613.474070,2250.709000,1,40.229000,-6.393000,-1.456000,1.990000,0.420000,-0.040000
2,1032.359722,2251.323000,1,40.201000,-6.406000,-1.172000,1.860000,1.200000,0.090000
2,699.855285,2252.355000,1,40.241001,-6.408000,-1.455000,2.090000,0.340000,0.030000
2,638.539890,2253.055000,1,40.207001,-6.422000,-1.550000,2.170000,0.490000,0.060000
2,764.107497,2253.694000,1,40.223000,-6.395000,-1.453000,2.090000,0.300000,-0.000000
2,786.772644,2254.458000,1,40.230999,-6.406000,-1.475000,2.110000,0.330000,0.010000
2,697.321676,2255.245000,1,40.223000,-6.394000,-1.470000,2.040000,0.520000,-0.000000
2,625.981810,2255.943000,1,40.233002,-6.401000,-1.481000,2.190000,0.270000,-0.000000
2,497.330766,2256.569000,1,40.233002,-6.389000,-1.450000,2.000000,0.440000,-0.000000
2,539.570782,2257.066000,1,40.230000,-6.393000,-1.488000,2.080000,0.410000,0.000000
2,806.264427,2257.606000,1,40.226002,-6.395000,-1.473000,2.000000,0.410000,-0.000000
2,1153.618140,2258.412000,1,40.221001,-6.396000,-1.468000,2.100000,0.370000,-0.030000
2,1168.564674,2259.566000,1,40.226002,-6.399000,-1.483000,2.150000,0.390000,-0.010000
2,858.508386,2260.735000,1,40.243000,-6.416000,-1.413000,2.020000,0.390000,0.020000
2,763.577218,2261.594000,1,40.224998,-6.416000,-1.483000,2.150000,0.280000,0.000000
2,560.984276,2262.357000,1,40.181999,-6.395000,-1.227000,1.980000,1.220000,0.020000
2,607.424491,2262.918000,1,40.180000,-6.403000,-1.223000,2.060000,1.290000,0.000000
2,553.510031,2263.526000,1,40.181999,-6.398000,-1.228000,1.920000,1.310000,0.010000
2,556.093003,2264.080000,1,40.188000,-6.420000,-1.201000,2.090000,1.360000,0.180000
2,531.007144,2264.636000,1,40.237999,-6.409000,-1.445000,2.010000,0.340000,0.030000
2,631.022637,2265.167000,1,40.199001,-6.416000,-1.491000,2.210000,0.590000,0.060000
2,562.358114,2265.798000,1,40.224998,-6.402000,-1.483000,1.950000,0.420000,0.020000
2,608.051051,2266.361000,1,40.223999,-6.404000,-1.472000,2.090000,0.500000,-0.010000
2,495.428116,2266.969000,1,40.216999,-6.402000,-1.478000,1.940000,0.510000,0.000000
2,675.762539,2267.465000,1,40.229000,-6.407000,-1.475000,2.030000,0.480000,0.000000
2,636.265311,2268.142000,1,40.229000,-6.432000,-1.477000,1.990000,0.460000,0.090000
2,473.517577,2268.778000,1,40.222000,-6.411000,-1.499000,2.020000,0.470000,-0.000000
2,566.051494,2269.252000,1,40.200001,-6.427000,-1.523000,2.320000,0.700000,0.080000
2,491.122349,2269.818000,1,40.223999,-6.401000,-1.491000,1.920000,0.490000,-0.000000
2,536.074362,2270.309000,1,40.178001,-6.404000,-1.239000,2.050000,1.310000,0.040000
2,723.517944,2270.845000,1,40.223000,-6.403000,-1.460000,1.900000,0.560000,0.000000
2,549.853306,2271.569000,1,40.227001,-6.404000,-1.474000,2.090000,0.420000,-0.010000
2,2566.003109,2272.119000,1,40.230000,-6.401000,-1.475000,2.000000,0.470000,0.020000
2,619.837906,2274.685000,1,40.227001,-6.403000,-1.482000,2.060000,0.460000,0.020000
2,678.458897,2275.305000,1,40.230000,-6.402000,-1.457000,2.110000,0.430000,-0.000000
2,383.550503,2275.984000,1,40.229000,-6.401000,-1.450000,2.110000,0.440000,0.020000
2,756.098574,2276.368000,1,40.227001,-6.402000,-1.448000,1.810000,0.550000,0.010000
2,726.104825,2277.124000,1,40.227001,-6.402000,-1.471000,2.020000,0.480000,0.000000
2,448.566121,2277.850000,1,40.227001,-6.408000,-1.470000,2.090000,0.510000,-0.000000
2,579.452645,2278.299000,1,40.219002,-6.408000,-1.481000,2.080000,0.480000,-0.010000
2,552.622486,2278.879000,1,40.247002,-6.414000,-1.418000,1.940000,0.440000,0.070000
2,483.548402,2279.431000,1,40.227001,-6.409000,-1.491000,1.970000,0.450000,0.010000
2,354.804987,2279.915000,1,40.223999,-6.406000,-1.494000,1.990000,0.490000,0.000000
2,1478.597014,2280.270000,1,40.220001,-6.404000,-1.474000,1.940000,0.550000,0.010000
2,751.020604,2281.749000,1,40.230999,-6.404000,-1.464000,1.970000,0.490000,0.010000
2,929.802311,2282.500000,1,40.192001,-6.401000,-1.244000,1.980000,1.370000,0.030000
2,711.019489,2283.430000,1,40.247002,-6.423000,-1.442000,2.050000,0.380000,0.050000
2,1201.099364,2284.141000,1,40.213001,-6.412000,-1.518000,2.020000,0.560000,-0.000000
2,707.374494,2285.342000,1,40.228001,-6.403000,-1.492000,2.090000,0.460000,0.040000
2,1283.431398,2286.051000,1,40.226002,-6.412000,-1.512000,2.070000,0.520000,0.020000
2,1194.868464,2287.335000,1,40.192001,-6.387000,-1.208000,1.770000,1.270000,0.040000
2,1917.299458,2288.530000,1,40.235001,-6.426000,-1.512000,2.220000,0.290000,0.040000
2,2636.038049,2290.447000,1,40.235001,-6.426000,-1.512000,2.220000,0.290000,0.040000
2,6593.356705,2293.083000,1,40.235001,-6.426000,-1.512000,2.220000,0.290000,0.040000
2,2400.857635,2299.676000,1,40.235001,-6.426000,-1.512000,2.220000,0.290000,0.040000
2,2011.405640,2302.077000,1,40.235001,-6.426000,-1.512000,2.220000,0.290000,0.040000
2,3176.032565,2304.090000,1,40.235001,-6.426000,-1.512000,2.220000,0.290000,0.040000
2,3944.771816,2307.266000,1,40.235001,-6.426000,-1.512000,2.220000,0.290000,0.040000
2,3029.766975,2311.211000,1,40.235001,-6.426000,-1.512000,2.220000,0.290000,0.040000
2,2523.620872,2314.241000,1,40.235001,-6.426000,-1.512000,2.220000,0.290000,0.040000
2,2837.285988,2316.764000,1,40.235001,-6.426000,-1.512000,2.220000,0.290000,0.040000
2,2530.987106,2319.602000,1,40.235001,-6.426000,-1.512000,2.220000,0.290000,0.040000
2,3366.047389,2322.134000,1,40.235001,-6.426000,-1.512000,2.220000,0.290000,0.040000
2,3326.050184,2325.500000,1,40.235001,-6.426000,-1.512000,2.220000,0.290000,0.040000
2,1473.494118,2328.826000,1,40.235001,-6.426000,-1.512000,2.220000,0.290000,0.040000
2,1882.281988,2330.300000,1,40.235001,-6.426000,-1.512000,2.220000,0.290000,0.040000
2,1704.846749,2332.182000,1,40.235001,-6.426000,-1.512000,2.220000,0.290000,0.040000
2,2239.707579,2333.887000,1,40.235001,-6.426000,-1.512000,2.220000,0.290000,0.040000
2,2761.117896,2336.127000,1,40.235001,-6.426000,-1.512000,2.220000,0.290000,0.040000
2,2904.541973,2338.889000,1,40.235001,-6.426000,-1.512000,2.220000,0.290000,0.040000
2,2118.810826,2341.794000,1,40.235001,-6.426000,-1.512000,2.220000,0.290000,0.040000
2,2207.322932,2343.913000,1,40.235001,-6.426000,-1.512000,2.220000,0.290000,0.040000
2,1492.280654,2346.120000,1,40.235001,-6.426000,-1.512000,2.220000,0.290000,0.040000
2,1993.488077,2347.613000,1,40.235001,-6.426000,-1.512000,2.220000,0.290000,0.040000
2,4404.826174,2349.606000,1,40.235001,-6.426000,-1.512000,2.220000,0.290000,0.040000
2,1994.822327,2354.011000,1,40.235001,-6.426000,-1.512000,2.220000,0.290000,0.040000
2,2189.768500,2356.007000,1,40.235001,-6.426000,-1.512000,2.220000,0.290000,0.040000
2,1793.482994,2358.197000,1,40.235001,-6.426000,-1.512000,2.220000,0.290000,0.040000
2,1824.773849,2359.991000,1,40.235001,-6.426000,-1.512000,2.220000,0.290000,0.040000
2,1321.063608,2361.816000,1,40.235001,-6.426000,-1.512000,2.220000,0.290000,0.040000
2,2056.058058,2363.137000,1,40.235001,-6.426000,-1.512000,2.220000,0.290000,0.040000
2,2629.757787,2365.193000,1,40.235001,-6.426000,-1.512000,2.220000,0.290000,0.040000
2,1782.349092,2367.823000,1,40.235001,-6.426000,-1.512000,2.220000,0.290000,0.040000
2,2325.990559,2369.605000,1,40.235001,-6.426000,-1.512000,2.220000,0.290000,0.040000
2,2708.335349,2371.931000,1,40.235001,-6.426000,-1.512000,2.220000,0.290000,0.040000
2,1503.767913,2374.641000,1,40.235001,-6.426000,-1.512000,2.220000,0.290000,0.040000
2,1568.591457,2376.145000,1,40.235001,-6.426000,-1.512000,2.220000,0.290000,0.040000
2,1749.845682,2377.713000,1,40.235001,-6.426000,-1.512000,2.220000,0.290000,0.040000
2,1927.271634,2379.463000,1,40.235001,-6.426000,-1.512000,2.220000,0.290000,0.040000
2,1806.032277,2381.391000,1,40.235001,-6.426000,-1.512000,2.220000,0.290000,0.040000
2,1533.555904,2383.197000,1,40.235001,-6.426000,-1.512000,2.220000,0.290000,0.040000
2,2254.757237,2384.731000,1,40.235001,-6.426000,-1.512000,2.220000,0.290000,0.040000
2,1642.316356,2386.986000,1,40.235001,-6.426000,-1.512000,2.220000,0.290000,0.040000
2,3996.075936,2388.628000,1,40.235001,-6.426000,-1.512000,2.220000,0.290000,0.040000
2,1258.544455,2392.625000,1,40.235001,-6.426000,-1.512000,2.220000,0.290000,0.040000
2,2218.543830,2393.884000,1,40.235001,-6.426000,-1.512000,2.220000,0.290000,0.040000
2,2360.957200,2396.102000,1,40.235001,-6.426000,-1.512000,2.220000,0.290000,0.040000
2,2469.825174,2398.464000,1,40.235001,-6.426000,-1.512000,2.220000,0.290000,0.040000
2,3034.787764,2400.933000,1,40.235001,-6.426000,-1.512000,2.220000,0.290000,0.040000
2,3408.250260,2403.968000,1,40.235001,-6.426000,-1.512000,2.220000,0.290000,0.040000
2,3116.345640,2407.377000,1,40.235001,-6.426000,-1.512000,2.220000,0.290000,0.040000
2,2552.277438,2410.494000,1,40.235001,-6.426000,-1.512000,2.220000,0.290000,0.040000
2,1676.068488,2413.047000,1,40.235001,-6.426000,-1.512000,2.220000,0.290000,0.040000
2,2604.745239,2414.723000,1,40.235001,-6.426000,-1.512000,2.220000,0.290000,0.040000
2,6273.468508,2417.328000,1,40.235001,-6.426000,-1.512000,2.220000,0.290000,0.040000
2,1592.306899,2423.601000,1,40.235001,-6.426000,-1.512000,2.220000,0.290000,0.040000
2,2011.059615,2425.194000,1,40.235001,-6.426000,-1.512000,2.220000,0.290000,0.040000
2,889.702472,2427.206000,1,40.235001,-6.426000,-1.512000,2.220000,0.290000,0.040000
2,671.355603,2428.096000,1,40.235001,-6.426000,-1.512000,2.220000,0.290000,0.040000
2,689.520467,2428.767000,1,40.235001,-6.426000,-1.512000,2.220000,0.290000,0.040000
2,1526.220949,2429.457000,1,40.235001,-6.426000,-1.512000,2.220000,0.290000,0.040000
2,2144.707010,2430.983000,1,40.235001,-6.426000,-1.512000,2.220000,0.290000,0.040000
2,3003.521345,2433.128000,1,40.235001,-6.426000,-1.512000,2.220000,0.290000,0.040000
2,1852.377678,2436.132000,1,40.235001,-6.426000,-1.512000,2.220000,0.290000,0.040000
2,3287.004061,2437.984000,1,40.235001,-6.426000,-1.512000,2.220000,0.290000,0.040000
2,2996.261167,2441.271000,1,40.235001,-6.426000,-1.512000,2.220000,0.290000,0.040000
2,2199.765113,2444.269000,1,40.235001,-6.426000,-1.512000,2.220000,0.290000,0.040000
2,1333.638305,2446.468000,1,40.235001,-6.426000,-1.512000,2.220000,0.290000,0.040000
2,869.808459,2447.802000,1,40.235001,-6.426000,-1.512000,2.220000,0.290000,0.040000
2,874.734433,2448.672000,1,40.235001,-6.426000,-1.512000,2.220000,0.290000,0.040000
2,1002.341047,2449.547000,1,40.235001,-6.426000,-1.512000,2.220000,0.290000,0.040000
2,1435.988491,2450.550000,1,40.235001,-6.426000,-1.512000,2.220000,0.290000,0.040000
2,1383.608174,2451.986000,1,40.235001,-6.426000,-1.512000,2.220000,0.290000,0.040000
2,1439.808943,2453.369000,1,40.235001,-6.426000,-1.512000,2.220000,0.290000,0.040000
2,1038.494829,2454.809000,1,40.235001,-6.426000,-1.512000,2.220000,0.290000,0.040000
2,863.566808,2455.848000,1,40.235001,-6.426000,-1.512000,2.220000,0.290000,0.040000
2,1272.387423,2456.712000,1,40.235001,-6.426000,-1.512000,2.220000,0.290000,0.040000
2,1289.771286,2457.984000,1,40.235001,-6.426000,-1.512000,2.220000,0.290000,0.040000
2,2627.222223,2459.274000,1,40.235001,-6.426000,-1.512000,2.220000,0.290000,0.040000
2,1763.337248,2461.903000,1,40.235001,-6.426000,-1.512000,2.220000,0.290000,0.040000
2,1877.559329,2463.666000,1,40.235001,-6.426000,-1.512000,2.220000,0.290000,0.040000
2,1626.060497,2465.544000,1,40.235001,-6.426000,-1.512000,2.220000,0.290000,0.040000
2,1583.453929,2467.170000,1,40.235001,-6.426000,-1.512000,2.220000,0.290000,0.040000
2,2312.382184,2468.753000,1,40.235001,-6.426000,-1.512000,2.220000,0.290000,0.040000
2,3651.059360,2471.066000,1,40.235001,-6.426000,-1.512000,2.220000,0.290000,0.040000
2,1288.547979,2474.717000,1,40.235001,-6.426000,-1.512000,2.220000,0.290000,0.040000
2,2607.326744,2476.006000,1,40.235001,-6.426000,-1.512000,2.220000,0.290000,0.040000
2,1114.783150,2478.614000,1,40.235001,-6.426000,-1.512000,2.220000,0.290000,0.040000
2,947.334750,2479.729000,1,40.235001,-6.426000,-1.512000,2.220000,0.290000,0.040000
2,1053.498546,2480.677000,1,40.235001,-6.426000,-1.512000,2.220000,0.290000,0.040000
2,419.815717,2481.730000,1,40.235001,-6.426000,-1.512000,2.220000,0.290000,0.040000
2,547.276688,2482.150000,1,40.235001,-6.426000,-1.512000,2.220000,0.290000,0.040000
2,508.527716,2482.698000,1,40.235001,-6.426000,-1.512000,2.220000,0.290000,0.040000
2,616.159187,2483.206000,1,40.235001,-6.426000,-1.512000,2.220000,0.290000,0.040000
2,452.053255,2483.823000,1,40.235001,-6.426000,-1.512000,2.220000,0.290000,0.040000
2,568.846089,2484.275000,1,40.235001,-6.426000,-1.512000,2.220000,0.290000,0.040000
2,579.755661,2484.844000,1,40.235001,-6.426000,-1.512000,2.220000,0.290000,0.040000
2,624.781963,2485.424000,1,40.235001,-6.426000,-1.512000,2.220000,0.290000,0.040000
2,716.152198,2486.049000,1,40.235001,-6.426000,-1.512000,2.220000,0.290000,0.040000
2,429.752704,2486.765000,1,40.235001,-6.426000,-1.512000,2.220000,0.290000,0.040000
2,714.861446,2487.195000,1,40.235001,-6.426000,-1.512000,2.220000,0.290000,0.040000
2,1547.218528,2487.910000,1,40.235001,-6.426000,-1.512000,2.220000,0.290000,0.040000
2,757.472412,2489.457000,1,40.235001,-6.426000,-1.512000,2.220000,0.290000,0.040000
2,1353.390095,2490.215000,1,40.235001,-6.426000,-1.512000,2.220000,0.290000,0.040000
2,712.368402,2491.569000,1,40.235001,-6.426000,-1.512000,2.220000,0.290000,0.040000
2,614.804899,2492.281000,1,40.235001,-6.426000,-1.512000,2.220000,0.290000,0.040000
2,706.064192,2492.896000,1,40.235001,-6.426000,-1.512000,2.220000,0.290000,0.040000
2,481.013815,2493.602000,1,40.235001,-6.426000,-1.512000,2.220000,0.290000,0.040000
2,1539.797067,2494.084000,1,40.235001,-6.426000,-1.512000,2.220000,0.290000,0.040000
2,643.350522,2495.624000,1,40.235001,-6.426000,-1.512000,2.220000,0.290000,0.040000
2,2120.082518,2496.268000,1,40.235001,-6.426000,-1.512000,2.220000,0.290000,0.040000
2,304.769138,2498.388000,1,40.235001,-6.426000,-1.512000,2.220000,0.290000,0.040000
2,99.821953,2498.693000,1,40.235001,-6.426000,-1.512000,2.220000,0.290000,0.040000
2,167.334036,2498.793000,1,40.235001,-6.426000,-1.512000,2.220000,0.290000,0.040000
2,117.310894,2498.961000,1,40.235001,-6.426000,-1.512000,2.220000,0.290000,0.040000
2,135.999683,2499.078000,1,40.235001,-6.426000,-1.512000,2.220000,0.290000,0.040000
2,97.337218,2499.214000,1,40.235001,-6.426000,-1.512000,2.220000,0.290000,0.040000
2,279.825502,2499.312000,1,40.235001,-6.426000,-1.512000,2.220000,0.290000,0.040000
2,263.588703,2499.592000,1,40.235001,-6.426000,-1.512000,2.220000,0.290000,0.040000
2,433.486161,2499.856000,1,40.235001,-6.426000,-1.512000,2.220000,0.290000,0.040000
2,116.068038,2500.289000,1,40.235001,-6.426000,-1.512000,2.220000,0.290000,0.040000
2,252.337504,2500.406000,1,40.235001,-6.426000,-1.512000,2.220000,0.290000,0.040000
2,134.775888,2500.658000,1,40.235001,-6.426000,-1.512000,2.220000,0.290000,0.040000
2,447.362363,2500.793000,1,40.235001,-6.426000,-1.512000,2.220000,0.290000,0.040000
2,183.539067,2501.241000,1,40.235001,-6.426000,-1.512000,2.220000,0.290000,0.040000
2,352.262092,2501.424000,1,40.235001,-6.426000,-1.512000,2.220000,0.290000,0.040000
2,199.807145,2501.777000,1,40.235001,-6.426000,-1.512000,2.220000,0.290000,0.040000
2,182.321136,2501.977000,1,40.235001,-6.426000,-1.512000,2.220000,0.290000,0.040000
2,243.629200,2502.159000,1,40.235001,-6.426000,-1.512000,2.220000,0.290000,0.040000
2,116.005968,2502.403000,1,40.235001,-6.426000,-1.512000,2.220000,0.290000,0.040000
2,258.602126,2502.519000,1,40.235001,-6.426000,-1.512000,2.220000,0.290000,0.040000
2,92.269022,2502.778000,1,40.235001,-6.426000,-1.512000,2.220000,0.290000,0.040000
2,343.643715,2502.870000,1,40.235001,-6.426000,-1.512000,2.220000,0.290000,0.040000
2,94.829023,2503.214000,1,40.235001,-6.426000,-1.512000,2.220000,0.290000,0.040000
2,117.227321,2503.309000,1,40.235001,-6.426000,-1.512000,2.220000,0.290000,0.040000
2,93.594475,2503.427000,1,40.235001,-6.426000,-1.512000,2.220000,0.290000,0.040000
2,299.804066,2503.520000,1,40.235001,-6.426000,-1.512000,2.220000,0.290000,0.040000
2,81.093577,2503.820000,1,40.235001,-6.426000,-1.512000,2.220000,0.290000,0.040000
2,182.292300,2503.902000,1,40.235001,-6.426000,-1.512000,2.220000,0.290000,0.040000
2,93.221569,2504.084000,1,40.235001,-6.426000,-1.512000,2.220000,0.290000,0.040000
2,182.631484,2504.178000,1,40.235001,-6.426000,-1.512000,2.220000,0.290000,0.040000
2,98.541464,2504.360000,1,40.235001,-6.426000,-1.512000,2.220000,0.290000,0.040000
2,258.608968,2504.459000,1,40.235001,-6.426000,-1.512000,2.220000,0.290000,0.040000
2,226.038601,2504.718000,1,40.235001,-6.426000,-1.512000,2.220000,0.290000,0.040000
2,108.527814,2504.944000,1,40.235001,-6.426000,-1.512000,2.220000,0.290000,0.040000
2,217.343982,2505.053000,1,40.235001,-6.426000,-1.512000,2.220000,0.290000,0.040000
2,97.550307,2505.270000,1,40.235001,-6.426000,-1.512000,2.220000,0.290000,0.040000
2,94.671650,2505.368000,1,40.235001,-6.426000,-1.512000,2.220000,0.290000,0.040000
2,178.350642,2505.463000,1,40.235001,-6.426000,-1.512000,2.220000,0.290000,0.040000
2,158.624755,2505.642000,1,40.235001,-6.426000,-1.512000,2.220000,0.290000,0.040000
2,102.297403,2505.800000,1,40.235001,-6.426000,-1.512000,2.220000,0.290000,0.040000
2,122.245177,2505.903000,1,40.235001,-6.426000,-1.512000,2.220000,0.290000,0.040000
2,436.155150,2506.025000,1,40.235001,-6.426000,-1.512000,2.220000,0.290000,0.040000
2,78.471506,2506.462000,1,40.235001,-6.426000,-1.512000,2.220000,0.290000,0.040000
2,267.110537,2506.540000,1,40.235001,-6.426000,-1.512000,2.220000,0.290000,0.040000
2,170.014266,2506.808000,1,39.827999,0.509000,-2.061000,2.810000,0.310000,0.510000
2,119.830330,2506.978000,1,39.827999,0.509000,-2.061000,2.810000,0.310000,0.510000
2,284.830650,2507.098000,1,39.827999,0.509000,-2.061000,2.810000,0.310000,0.510000
2,109.804882,2507.383000,1,39.827999,0.509000,-2.061000,2.810000,0.310000,0.510000
2,146.065208,2507.493000,1,39.827999,0.509000,-2.061000,2.810000,0.310000,0.510000
2,146.080848,2507.639000,1,39.846001,0.518000,-1.998000,3.050000,0.080000,0.510000
2,178.615048,2507.785000,1,39.846001,0.518000,-1.998000,3.050000,0.080000,0.510000
2,588.502575,2507.964000,1,39.846001,0.518000,-1.998000,3.050000,0.080000,0.510000
2,121.080029,2508.553000,1,39.846001,0.518000,-1.998000,3.050000,0.080000,0.510000
2,362.966395,2508.674000,1,39.846001,0.518000,-1.998000,3.050000,0.080000,0.510000
2,314.063926,2509.037000,1,39.846001,0.518000,-1.998000,3.050000,0.080000,0.510000
2,126.083223,2509.351000,1,39.846001,0.518000,-1.998000,3.050000,0.080000,0.510000
2,204.862633,2509.478000,1,39.846001,0.518000,-1.998000,3.050000,0.080000,0.510000
2,141.076676,2509.683000,1,39.846001,0.518000,-1.998000,3.050000,0.080000,0.510000
2,95.742471,2509.824000,1,39.846001,0.518000,-1.998000,3.050000,0.080000,0.510000
2,98.892377,2509.920000,1,39.846001,0.518000,-1.998000,3.050000,0.080000,0.510000
2,418.543536,2510.019000,1,39.846001,0.518000,-1.998000,3.050000,0.080000,0.510000
2,77.327375,2510.438000,1,39.846001,0.518000,-1.998000,3.050000,0.080000,0.510000
2,158.519676,2510.515000,1,39.846001,0.518000,-1.998000,3.050000,0.080000,0.510000
2,429.790826,2510.674000,1,39.846001,0.518000,-1.998000,3.050000,0.080000,0.510000
2,388.517531,2511.104000,1,39.846001,0.518000,-1.998000,3.050000,0.080000,0.510000
2,138.591941,2511.493000,1,39.846001,0.518000,-1.998000,3.050000,0.080000,0.510000
2,119.812247,2511.631000,1,37.970001,0.686000,-2.348000,2.900000,-0.640000,-0.760000
2,388.629451,2511.751000,1,37.970001,0.686000,-2.348000,2.900000,-0.640000,-0.760000
2,219.803792,2512.140000,1,37.887001,0.745000,-1.865000,2.600000,0.840000,-0.830000
2,304.774025,2512.360000,1,37.887001,0.745000,-1.865000,2.600000,0.840000,-0.830000
2,178.572528,2512.665000,1,37.924999,0.725000,-2.115000,2.770000,-0.100000,-0.830000
2,144.787163,2512.845000,1,38.014999,0.632000,-2.516000,2.850000,-1.000000,-0.710000
2,386.070428,2512.990000,1,38.014999,0.632000,-2.516000,2.850000,-1.000000,-0.710000
2,137.065129,2513.376000,1,37.971001,0.667000,-2.349000,2.920000,-0.570000,-0.690000
2,322.525907,2513.513000,1,37.956001,0.672000,-2.241000,3.060000,-0.550000,-0.740000
2,237.335742,2513.836000,1,37.969002,0.667000,-2.215000,2.970000,-0.910000,-0.740000
2,99.786276,2514.074000,1,37.969002,0.667000,-2.215000,2.970000,-0.910000,-0.740000
2,192.309440,2514.173000,1,37.926998,0.700000,-2.073000,2.510000,0.280000,-0.790000
2,267.321182,2514.366000,1,37.923000,0.698000,-2.072000,2.600000,0.340000,-0.770000
2,403.649785,2514.633000,1,37.926998,0.728000,-2.102000,3.000000,-0.030000,-0.820000
2,133.589236,2515.037000,1,37.971001,0.691000,-2.322000,2.570000,-0.780000,-0.770000
2,162.197906,2515.171000,1,37.977001,0.676000,-2.329000,2.690000,-0.740000,-0.690000
2,197.360531,2515.333000,1,37.987000,0.674000,-2.391000,2.590000,-0.560000,-0.840000
2,121.149430,2515.531000,1,37.987000,0.674000,-2.391000,2.590000,-0.560000,-0.840000
2,96.012254,2515.652000,1,37.987000,0.674000,-2.391000,2.590000,-0.560000,-0.840000
2,152.346936,2515.748000,1,37.987000,0.674000,-2.391000,2.590000,-0.560000,-0.840000
2,229.843414,2515.901000,1,38.192001,0.541000,-2.313000,2.500000,0.660000,-1.060000
2,235.966791,2516.131000,1,38.192001,0.541000,-2.313000,2.500000,0.660000,-1.060000
2,124.502161,2516.367000,1,38.192001,0.541000,-2.313000,2.500000,0.660000,-1.060000
2,148.920895,2516.492000,1,38.192001,0.541000,-2.313000,2.500000,0.660000,-1.060000
2,141.051262,2516.641000,1,38.192001,0.541000,-2.313000,2.500000,0.660000,-1.060000
2,281.063959,2516.782000,1,38.192001,0.541000,-2.313000,2.500000,0.660000,-1.060000
2,115.973712,2517.063000,1,38.192001,0.541000,-2.313000,2.500000,0.660000,-1.060000
2,293.586851,2517.180000,1,38.192001,0.541000,-2.313000,2.500000,0.660000,-1.060000
2,1727.280725,2517.473000,1,38.192001,0.541000,-2.313000,2.500000,0.660000,-1.060000
2,318.549548,2519.201000,1,38.192001,0.541000,-2.313000,2.500000,0.660000,-1.060000
2,449.804579,2519.520000,1,39.539001,0.008000,-2.053000,2.640000,0.350000,-0.160000
2,251.109798,2519.970000,1,39.539001,0.008000,-2.053000,2.640000,0.350000,-0.160000
2,113.590145,2520.221000,1,39.542999,-0.000000,-2.069000,2.750000,0.230000,-0.140000
2,308.529964,2520.335000,1,39.535999,0.008000,-2.032000,2.790000,0.570000,-0.120000
2,154.778400,2520.643000,1,39.535999,0.008000,-2.032000,2.790000,0.570000,-0.120000
2,158.597385,2520.798000,1,39.547001,-0.000000,-1.992000,2.910000,0.440000,-0.130000
2,99.735447,2520.957000,1,39.550999,0.003000,-2.045000,2.700000,0.240000,-0.140000
2,122.001786,2521.057000,1,39.550999,0.003000,-2.045000,2.700000,0.240000,-0.140000
2,121.399174,2521.179000,1,39.550999,0.003000,-2.045000,2.700000,0.240000,-0.140000
2,131.028257,2521.301000,1,39.541000,-0.008000,-2.037000,2.700000,0.250000,-0.200000
2,209.850188,2521.432000,1,39.493999,0.005000,-1.792000,2.790000,1.270000,-0.160000
2,124.799313,2521.642000,1,39.569000,0.031000,-2.002000,2.680000,0.040000,-0.160000
2,154.811145,2521.767000,1,39.505001,0.022000,-1.806000,2.530000,1.140000,-0.140000
2,164.828774,2521.922000,1,39.560001,0.026000,-2.012000,2.620000,0.420000,-0.190000
2,218.589771,2522.087000,1,39.560001,0.026000,-2.012000,2.620000,0.420000,-0.190000
2,154.633734,2522.306000,1,39.546001,0.020000,-2.050000,2.530000,0.280000,-0.150000
2,157.446411,2522.461000,1,39.500000,0.022000,-1.770000,2.880000,1.300000,-0.140000
2,111.059468,2522.618000,1,39.500000,0.022000,-1.770000,2.880000,1.300000,-0.140000
2,273.592158,2522.729000,1,39.546001,0.001000,-2.041000,2.800000,0.300000,-0.130000
2,123.554012,2523.003000,1,39.542999,0.000000,-2.068000,2.510000,0.280000,-0.140000
2,93.519210,2523.127000,1,39.539001,0.009000,-2.050000,2.890000,0.310000,-0.150000
2,157.420997,2523.221000,1,39.539001,0.009000,-2.050000,2.890000,0.310000,-0.150000
2,182.179891,2523.378000,1,39.549999,-0.003000,-2.029000,2.850000,0.330000,-0.110000
2,127.379841,2523.561000,1,39.578999,0.006000,-1.996000,2.850000,-0.030000,-0.160000
2,117.232697,2523.688000,1,39.541000,0.004000,-2.033000,2.640000,0.180000,-0.150000
2,121.109353,2523.806000,1,39.548000,0.022000,-2.061000,2.570000,0.230000,-0.140000
2,137.240585,2523.927000,1,39.548000,0.022000,-2.061000,2.570000,0.230000,-0.140000
2,117.375896,2524.064000,1,39.562000,0.010000,-2.060000,2.550000,0.060000,-0.120000
2,133.177231,2524.182000,1,39.549999,0.027000,-2.055000,2.710000,0.240000,-0.150000
2,167.761680,2524.315000,1,39.551998,0.010000,-2.070000,2.420000,0.230000,-0.170000
2,469.768969,2524.483000,1,39.541000,0.010000,-2.053000,2.550000,0.250000,-0.140000
2,109.797062,2524.953000,1,39.541000,0.010000,-2.053000,2.550000,0.250000,-0.140000
2,97.346993,2525.063000,1,39.521000,0.025000,-1.760000,2.470000,0.770000,-0.190000
2,113.506082,2525.161000,1,39.539001,0.012000,-2.035000,2.630000,0.060000,-0.120000
2,327.389322,2525.274000,1,39.569000,0.016000,-2.000000,2.800000,-0.000000,-0.120000
2,110.994955,2525.602000,1,39.514999,0.023000,-1.788000,2.470000,0.850000,-0.120000
2,503.571441,2525.713000,1,39.501999,0.007000,-1.778000,2.880000,1.100000,-0.130000
2,133.212420,2526.217000,1,39.501999,0.007000,-1.778000,2.880000,1.100000,-0.130000
2,168.948821,2526.350000,1,39.534000,0.016000,-2.034000,2.800000,0.280000,-0.120000
2,256.072916,2526.519000,1,39.506001,0.007000,-1.764000,2.730000,0.960000,-0.110000
2,103.462550,2526.776000,1,39.506001,0.007000,-1.764000,2.730000,0.960000,-0.110000
2,170.988806,2526.879000,1,39.540001,0.005000,-2.077000,2.570000,0.120000,-0.130000
2,122.346834,2527.050000,1,39.560001,0.010000,-2.060000,2.700000,-0.100000,-0.110000
2,337.297474,2527.173000,1,39.501999,0.024000,-1.800000,2.630000,0.970000,-0.130000
2,219.794506,2527.510000,1,39.566002,0.022000,-2.018000,2.540000,-0.040000,-0.220000
2,823.608213,2527.730000,1,39.541000,0.003000,-2.062000,2.900000,0.080000,-0.080000
2,819.849342,2528.554000,1,39.497002,0.017000,-1.745000,2.900000,0.960000,-0.120000
2,2053.499035,2529.374000,1,39.528999,-0.005000,-1.984000,2.710000,0.320000,-0.170000
2,923.508853,2531.429000,1,39.557999,0.008000,-2.007000,2.690000,0.270000,-0.170000
2,488.616109,2532.353000,1,39.491001,0.023000,-1.784000,2.530000,1.240000,-0.130000
2,477.234417,2532.841000,1,39.567001,0.031000,-2.028000,2.690000,0.160000,-0.210000
2,442.385561,2533.319000,1,39.494999,0.019000,-1.786000,2.760000,1.130000,-0.120000
2,615.772108,2533.761000,1,39.502998,0.030000,-1.800000,2.650000,1.090000,-0.150000
2,808.846910,2534.377000,1,39.502998,0.030000,-1.800000,2.650000,1.090000,-0.150000
2,669.799467,2535.186000,1,39.502998,0.030000,-1.800000,2.650000,1.090000,-0.150000
2,482.245431,2535.856000,1,39.497002,0.021000,-1.792000,2.820000,1.140000,-0.160000
2,527.376810,2536.339000,1,39.497002,0.021000,-1.792000,2.820000,1.140000,-0.160000
2,873.541427,2536.866000,1,39.504002,0.025000,-1.790000,2.640000,1.090000,-0.130000
2,1409.738463,2537.740000,1,39.499001,0.023000,-1.794000,2.670000,1.200000,-0.150000
2,574.941608,2539.150000,1,39.499001,0.023000,-1.794000,2.670000,1.200000,-0.150000
2,2507.589342,2539.725000,1,39.532001,0.001000,-2.060000,2.800000,0.470000,-0.140000
2,548.734588,2542.233000,1,39.519001,0.041000,-1.766000,2.600000,1.020000,-0.200000
2,399.309318,2542.781000,1,39.562000,0.018000,-2.003000,2.730000,0.300000,-0.200000
2,524.730792,2543.181000,1,39.560001,0.030000,-2.003000,2.650000,0.290000,-0.220000
2,473.545924,2543.706000,1,39.560001,0.030000,-2.003000,2.650000,0.290000,-0.220000
2,439.816274,2544.180000,1,39.536999,0.006000,-2.032000,2.970000,0.550000,-0.160000
2,852.673852,2544.620000,1,39.541000,0.005000,-2.046000,2.860000,0.390000,-0.140000
