2,118.766840,254.899000,1,42.921001,-0.779000,-0.779000,2.340000,-1.740000,0.280000
2,673.445440,255.018000,1,42.958000,-0.784000,-0.669000,2.110000,-1.830000,0.380000
2,511.165426,255.691000,1,42.955002,-0.788000,-0.977000,2.540000,-2.580000,0.180000
2,410.374797,256.203000,1,42.949001,-0.781000,-0.683000,2.160000,-1.640000,0.330000
2,406.740065,256.613000,1,42.948002,-0.785000,-0.706000,1.920000,-1.690000,0.400000
2,672.477742,257.020000,1,42.951000,-0.784000,-0.691000,2.230000,-1.740000,0.310000
2,954.777227,257.693000,1,42.949001,-0.803000,-0.709000,1.910000,-1.630000,0.490000
2,1103.288071,258.648000,1,42.941002,-0.777000,-0.664000,2.120000,-1.660000,0.320000
2,588.472762,259.752000,1,42.993000,-0.788000,-0.895000,2.260000,-2.550000,0.310000
2,949.025777,260.341000,1,42.952000,-0.774000,-0.954000,2.380000,-2.480000,0.190000
2,872.932462,261.290000,1,42.979000,-0.774000,-0.902000,2.130000,-2.590000,0.300000
2,726.595028,262.163000,1,42.956001,-0.773000,-0.966000,2.630000,-2.650000,0.240000
2,652.011908,262.890000,1,42.917000,-0.764000,-0.744000,2.280000,-1.510000,0.230000
2,1056.898196,263.542000,1,42.945999,-0.783000,-0.663000,2.150000,-1.650000,0.320000
2,692.939666,264.600000,1,42.917999,-0.763000,-0.751000,2.200000,-1.530000,0.250000
2,1602.919320,265.293000,1,42.914001,-0.768000,-0.764000,2.370000,-1.580000,0.240000
2,948.399217,266.896000,1,42.950001,-0.770000,-0.968000,2.450000,-2.540000,0.220000
2,648.138672,267.844000,1,42.945999,-0.772000,-0.671000,2.170000,-1.720000,0.310000
2,570.081125,268.493000,1,42.945999,-0.777000,-0.686000,2.250000,-1.670000,0.300000
2,619.787566,269.063000,1,42.918999,-0.791000,-0.728000,2.060000,-1.560000,0.430000
2,578.474194,269.683000,1,42.977001,-0.780000,-0.895000,2.210000,-2.510000,0.300000
2,1673.548563,270.262000,1,42.912998,-0.781000,-0.739000,2.500000,-1.670000,0.220000
2,832.478778,271.935000,1,42.938999,-0.781000,-0.693000,2.030000,-1.660000,0.330000
2,1325.297042,272.768000,1,42.986000,-0.779000,-0.945000,2.050000,-2.580000,0.300000
2,1714.086799,274.093000,1,42.897999,-0.778000,-0.670000,2.540000,-1.640000,0.240000
2,731.128546,275.808000,1,42.931999,-0.784000,-0.781000,1.980000,-1.550000,0.380000
2,596.625862,276.540000,1,42.916000,-0.776000,-0.791000,2.350000,-1.700000,0.210000
2,865.498294,277.137000,1,42.930000,-0.761000,-0.802000,2.080000,-1.840000,0.240000
2,1072.144326,278.002000,1,42.925999,-0.763000,-0.779000,2.080000,-1.820000,0.250000
2,1083.450752,279.075000,1,42.923000,-0.766000,-0.811000,2.100000,-1.970000,0.250000
2,1272.340993,280.158000,1,42.935001,-0.781000,-0.754000,2.240000,-1.830000,0.180000
2,904.818109,281.431000,1,42.935001,-0.781000,-0.754000,2.240000,-1.830000,0.180000
2,1211.349142,282.336000,1,42.935001,-0.781000,-0.754000,2.240000,-1.830000,0.180000
2,1003.043361,283.547000,1,42.935001,-0.781000,-0.754000,2.240000,-1.830000,0.180000
2,774.206256,284.551000,1,42.935001,-0.781000,-0.754000,2.240000,-1.830000,0.180000
2,1298.022622,285.325000,1,44.442001,-1.265000,-0.532000,1.920000,-1.880000,-3.550000
2,646.077671,286.623000,1,41.740002,-0.142000,-0.604000,1.960000,-1.970000,3.640000
2,659.684091,287.270000,1,42.929001,-0.769000,-0.630000,2.360000,-1.720000,0.350000
2,908.578447,287.929000,1,42.929001,-0.769000,-0.630000,2.360000,-1.720000,0.350000
2,1787.171453,288.838000,1,42.929001,-0.769000,-0.630000,2.360000,-1.720000,0.350000
2,921.059795,290.625000,1,42.929001,-0.769000,-0.630000,2.360000,-1.720000,0.350000
2,1307.511438,291.547000,1,43.037998,-0.791000,-0.783000,2.240000,-1.850000,-0.100000
2,1526.070907,292.854000,1,43.044998,-0.799000,-0.755000,2.280000,-1.830000,-0.120000
2,890.685321,294.382000,1,43.044998,-0.799000,-0.755000,2.280000,-1.830000,-0.120000
2,942.299788,295.272000,1,43.044998,-0.799000,-0.755000,2.280000,-1.830000,-0.120000
2,1377.365056,296.215000,1,43.044998,-0.799000,-0.755000,2.280000,-1.830000,-0.120000
2,1032.228252,297.593000,1,43.044998,-0.789000,-0.648000,1.930000,-1.940000,0.070000
2,1303.330787,298.625000,1,43.044998,-0.789000,-0.648000,1.930000,-1.940000,0.070000
2,843.681103,299.928000,1,43.000999,-0.780000,-0.805000,1.920000,-1.710000,-0.010000
2,1089.819964,300.772000,1,43.000999,-0.780000,-0.805000,1.920000,-1.710000,-0.010000
2,1189.815419,301.862000,1,43.000999,-0.780000,-0.805000,1.920000,-1.710000,-0.010000
2,1529.837598,303.052000,1,43.000999,-0.780000,-0.805000,1.920000,-1.710000,-0.010000
2,969.706656,304.582000,1,43.000999,-0.780000,-0.805000,1.920000,-1.710000,-0.010000
2,825.984449,305.552000,1,43.008999,-0.797000,-0.704000,2.220000,-1.830000,-0.010000
2,2719.137889,306.378000,1,43.001999,-0.788000,-0.724000,2.200000,-1.710000,-0.040000
2,1055.614285,309.098000,1,43.040001,-0.795000,-0.665000,1.840000,-1.770000,0.050000
2,1034.626481,310.153000,1,43.001999,-0.797000,-0.765000,2.060000,-1.670000,-0.030000
2,1045.584438,311.188000,1,43.005001,-0.788000,-0.673000,2.160000,-1.770000,-0.010000
2,2873.979824,312.235000,1,43.005001,-0.788000,-0.673000,2.160000,-1.770000,-0.010000
2,1863.047281,315.109000,1,43.021000,-0.799000,-0.687000,2.440000,-2.160000,-0.000000
2,824.197141,316.972000,1,43.021000,-0.799000,-0.687000,2.440000,-2.160000,-0.000000
2,466.157697,317.797000,1,43.004002,-0.788000,-0.683000,2.270000,-2.050000,-0.010000
2,904.346968,318.263000,1,42.993999,-0.789000,-0.692000,2.270000,-2.000000,-0.010000
2,751.455090,319.167000,1,42.993999,-0.789000,-0.692000,2.270000,-2.000000,-0.010000
2,888.284159,319.919000,1,43.022999,-0.795000,-0.631000,1.770000,-1.790000,0.100000
2,623.759526,320.807000,1,43.015999,-0.800000,-0.641000,2.090000,-1.910000,0.070000
2,564.608745,321.431000,1,43.001999,-0.809000,-0.686000,2.420000,-2.020000,-0.000000
2,1067.431930,321.996000,1,43.013000,-0.821000,-0.646000,2.290000,-1.890000,0.090000
2,909.608214,323.064000,1,43.013000,-0.821000,-0.646000,2.290000,-1.890000,0.090000
2,554.799318,323.974000,1,43.002998,-0.794000,-0.594000,1.260000,-2.330000,-0.030000
2,512.502120,324.529000,1,42.986000,-0.793000,-0.638000,1.680000,-2.300000,-0.130000
2,553.405441,325.041000,1,42.986000,-0.793000,-0.638000,1.680000,-2.300000,-0.130000
2,591.088968,325.595000,1,42.993000,-0.808000,-0.713000,2.330000,-1.950000,-0.010000
2,603.445200,326.186000,1,42.993000,-0.808000,-0.713000,2.330000,-1.950000,-0.010000
2,658.484732,326.790000,1,42.999001,-0.802000,-0.566000,1.190000,-2.490000,-0.040000
2,893.758495,327.449000,1,42.999001,-0.802000,-0.566000,1.190000,-2.490000,-0.040000
2,807.216485,328.342000,1,42.993000,-0.810000,-0.728000,2.460000,-1.850000,-0.030000
2,978.947194,329.151000,1,43.028000,-0.816000,-0.629000,2.140000,-1.950000,0.070000
2,695.620874,330.130000,1,42.998001,-0.804000,-0.710000,2.400000,-2.050000,-0.020000
2,904.738934,330.826000,1,42.998001,-0.804000,-0.710000,2.400000,-2.050000,-0.020000
2,428.426274,331.731000,1,42.979000,-0.798000,-0.660000,1.520000,-2.270000,-0.110000
2,716.096971,332.159000,1,42.981998,-0.803000,-0.663000,1.640000,-2.540000,-0.140000
2,879.724431,332.876000,1,42.977001,-0.798000,-0.660000,1.520000,-2.310000,-0.120000
2,966.116887,333.755000,1,42.977001,-0.798000,-0.660000,1.520000,-2.310000,-0.120000
2,453.563450,334.722000,1,42.977001,-0.798000,-0.660000,1.520000,-2.310000,-0.120000
2,2012.272658,335.176000,1,43.016998,-0.801000,-0.565000,1.140000,-2.580000,-0.020000
2,1882.198903,337.188000,1,42.979000,-0.808000,-0.650000,1.500000,-2.310000,-0.150000
2,2078.689972,339.070000,1,42.994999,-0.792000,-0.671000,1.790000,-1.670000,0.020000
2,1654.803081,341.149000,1,42.994999,-0.792000,-0.671000,1.790000,-1.670000,0.020000
2,1614.935391,342.804000,1,42.994999,-0.792000,-0.671000,1.790000,-1.670000,0.020000
2,1856.439566,344.419000,1,42.994999,-0.792000,-0.671000,1.790000,-1.670000,0.020000
2,1777.956329,346.276000,1,42.994999,-0.792000,-0.671000,1.790000,-1.670000,0.020000
2,1243.291972,348.055000,1,42.965000,-0.823000,-0.668000,1.660000,-2.370000,-0.090000
2,1598.654118,349.298000,1,42.965000,-0.823000,-0.668000,1.660000,-2.370000,-0.090000
2,1779.790068,350.897000,1,42.965000,-0.823000,-0.668000,1.660000,-2.370000,-0.090000
2,1098.457401,352.677000,1,42.997002,-0.819000,-0.731000,2.470000,-2.050000,-0.030000
2,868.570490,353.776000,1,42.978001,-0.813000,-0.643000,1.360000,-2.610000,-0.160000
2,797.560033,354.644000,1,42.978001,-0.813000,-0.643000,1.360000,-2.610000,-0.160000
2,2084.750302,355.442000,1,42.993999,-0.825000,-0.746000,2.460000,-2.010000,-0.020000
2,427.021157,357.527000,1,43.000000,-0.818000,-0.722000,2.300000,-1.940000,-0.030000
2,1045.834183,357.954000,1,43.000000,-0.818000,-0.722000,2.300000,-1.940000,-0.030000
2,787.505749,359.000000,1,43.000000,-0.818000,-0.722000,2.300000,-1.940000,-0.030000
2,677.442325,359.788000,1,43.000000,-0.818000,-0.722000,2.300000,-1.940000,-0.030000
2,633.572863,360.466000,1,43.000000,-0.818000,-0.722000,2.300000,-1.940000,-0.030000
2,949.538462,361.099000,1,43.000000,-0.818000,-0.722000,2.300000,-1.940000,-0.030000
2,699.745319,362.049000,1,42.976002,-0.816000,-0.670000,1.530000,-2.410000,-0.140000
2,431.135828,362.749000,1,42.976002,-0.816000,-0.670000,1.530000,-2.410000,-0.140000
2,694.627761,363.180000,1,43.008999,-0.805000,-0.562000,1.040000,-2.320000,-0.030000
2,946.167647,363.876000,1,42.988998,-0.805000,-0.649000,1.370000,-2.490000,-0.190000
2,876.100940,364.823000,1,43.023998,-0.813000,-0.544000,1.250000,-2.610000,-0.090000
2,1307.280754,365.699000,1,43.008999,-0.825000,-0.576000,1.290000,-2.500000,-0.050000
2,1655.865594,367.006000,1,42.978001,-0.802000,-0.624000,1.380000,-2.540000,-0.160000
2,739.888167,368.662000,1,42.978001,-0.802000,-0.624000,1.380000,-2.540000,-0.160000
2,853.419175,369.402000,1,42.978001,-0.802000,-0.624000,1.380000,-2.540000,-0.160000
2,672.329655,370.256000,1,43.006001,-0.815000,-0.566000,1.160000,-2.550000,-0.070000
2,661.194775,370.929000,1,43.006001,-0.815000,-0.566000,1.160000,-2.550000,-0.070000
2,517.150980,371.590000,1,43.006001,-0.815000,-0.566000,1.160000,-2.550000,-0.070000
2,554.695705,372.107000,1,43.006001,-0.815000,-0.566000,1.160000,-2.550000,-0.070000
2,609.799750,372.662000,1,42.974998,-0.810000,-0.630000,1.410000,-2.670000,-0.190000
2,1013.694392,373.272000,1,42.974998,-0.810000,-0.630000,1.410000,-2.670000,-0.190000
2,1201.751338,374.286000,1,43.014999,-0.807000,-0.568000,1.220000,-2.650000,-0.100000
2,552.173337,375.488000,1,43.014999,-0.807000,-0.568000,1.220000,-2.650000,-0.100000
2,744.039494,376.040000,1,43.014999,-0.807000,-0.568000,1.220000,-2.650000,-0.100000
2,964.877452,376.785000,1,43.014999,-0.807000,-0.568000,1.220000,-2.650000,-0.100000
2,937.147041,377.750000,1,43.014999,-0.807000,-0.568000,1.220000,-2.650000,-0.100000
2,729.781589,378.687000,1,42.983002,-0.814000,-0.651000,1.530000,-2.710000,-0.200000
2,681.069238,379.417000,1,42.983002,-0.814000,-0.651000,1.530000,-2.710000,-0.200000
2,608.700582,380.098000,1,42.983002,-0.814000,-0.651000,1.530000,-2.710000,-0.200000
2,655.326029,380.707000,1,42.983002,-0.814000,-0.651000,1.530000,-2.710000,-0.200000
2,577.797295,381.364000,1,43.000000,-0.822000,-0.560000,1.200000,-2.500000,-0.120000
2,428.652559,381.942000,1,43.000000,-0.822000,-0.560000,1.200000,-2.500000,-0.120000
2,382.294451,382.370000,1,43.000000,-0.822000,-0.560000,1.200000,-2.500000,-0.120000
2,437.410225,382.753000,1,43.000000,-0.822000,-0.560000,1.200000,-2.500000,-0.120000
2,480.915579,383.190000,1,42.986000,-0.800000,-0.625000,1.430000,-2.690000,-0.170000
2,392.334073,383.672000,1,43.007000,-0.812000,-0.720000,2.420000,-2.280000,-0.040000
2,372.181030,384.064000,1,42.980999,-0.818000,-0.654000,1.650000,-2.620000,-0.170000
2,468.787098,384.436000,1,42.992001,-0.815000,-0.730000,2.270000,-1.980000,-0.030000
2,398.951563,384.905000,1,43.000000,-0.818000,-0.721000,2.420000,-2.150000,-0.050000
2,574.188954,385.305000,1,43.000000,-0.818000,-0.721000,2.420000,-2.150000,-0.050000
2,426.013871,385.879000,1,42.988998,-0.802000,-0.644000,1.400000,-2.670000,-0.170000
2,439.791837,386.305000,1,42.988998,-0.802000,-0.644000,1.400000,-2.670000,-0.170000
2,429.804999,386.745000,1,42.988998,-0.802000,-0.644000,1.400000,-2.670000,-0.170000
2,524.885232,387.175000,1,42.988998,-0.802000,-0.644000,1.400000,-2.670000,-0.170000
2,530.921615,387.700000,1,42.988998,-0.802000,-0.644000,1.400000,-2.670000,-0.170000
2,634.826472,388.231000,1,42.988998,-0.802000,-0.644000,1.400000,-2.670000,-0.170000
2,659.675293,388.866000,1,42.988998,-0.802000,-0.644000,1.400000,-2.670000,-0.170000
2,589.810923,389.526000,1,42.988998,-0.802000,-0.644000,1.400000,-2.670000,-0.170000
2,752.298160,390.116000,1,42.988998,-0.802000,-0.644000,1.400000,-2.670000,-0.170000
2,609.802682,390.869000,1,42.963001,-0.813000,-0.645000,1.270000,-2.620000,-0.130000
2,474.167596,391.479000,1,42.963001,-0.813000,-0.645000,1.270000,-2.620000,-0.130000
2,394.165368,391.953000,1,42.963001,-0.813000,-0.645000,1.270000,-2.620000,-0.130000
2,471.049947,392.347000,1,43.039001,-0.819000,-0.620000,2.130000,-2.150000,0.020000
2,453.200808,392.819000,1,43.039001,-0.819000,-0.620000,2.130000,-2.150000,0.020000
2,880.098314,393.272000,1,43.039001,-0.819000,-0.620000,2.130000,-2.150000,0.020000
2,963.465493,394.152000,1,43.039001,-0.819000,-0.620000,2.130000,-2.150000,0.020000
2,985.012411,395.116000,1,43.039001,-0.819000,-0.620000,2.130000,-2.150000,0.020000
2,818.387043,396.101000,1,42.973000,-0.801000,-0.664000,1.340000,-2.650000,-0.160000
2,940.997794,396.920000,1,42.973000,-0.801000,-0.664000,1.340000,-2.650000,-0.160000
2,903.567433,397.861000,1,42.973000,-0.801000,-0.664000,1.340000,-2.650000,-0.160000
2,969.876736,398.765000,1,42.973000,-0.801000,-0.664000,1.340000,-2.650000,-0.160000
2,1393.400984,399.736000,1,42.973000,-0.801000,-0.664000,1.340000,-2.650000,-0.160000
2,899.735740,401.129000,1,42.973000,-0.801000,-0.664000,1.340000,-2.650000,-0.160000
2,921.578345,402.029000,1,42.973000,-0.801000,-0.664000,1.340000,-2.650000,-0.160000
2,1038.099930,402.951000,1,42.973000,-0.801000,-0.664000,1.340000,-2.650000,-0.160000
2,968.502409,403.989000,1,42.973000,-0.801000,-0.664000,1.340000,-2.650000,-0.160000
2,867.371620,404.958000,1,42.973000,-0.801000,-0.664000,1.340000,-2.650000,-0.160000
2,865.896125,405.826000,1,42.973000,-0.801000,-0.664000,1.340000,-2.650000,-0.160000
2,888.413674,406.692000,1,42.973000,-0.801000,-0.664000,1.340000,-2.650000,-0.160000
2,1152.349869,407.580000,1,42.973000,-0.801000,-0.664000,1.340000,-2.650000,-0.160000
2,846.050986,408.733000,1,42.973000,-0.801000,-0.664000,1.340000,-2.650000,-0.160000
2,944.763997,409.579000,1,42.973000,-0.801000,-0.664000,1.340000,-2.650000,-0.160000
2,958.539519,410.524000,1,42.973000,-0.801000,-0.664000,1.340000,-2.650000,-0.160000
2,837.262040,411.483000,1,42.973000,-0.801000,-0.664000,1.340000,-2.650000,-0.160000
2,938.554601,412.320000,1,42.973000,-0.801000,-0.664000,1.340000,-2.650000,-0.160000
2,884.963684,413.259000,1,42.973000,-0.801000,-0.664000,1.340000,-2.650000,-0.160000
2,487.145012,414.144000,1,42.973000,-0.801000,-0.664000,1.340000,-2.650000,-0.160000
2,465.005745,414.631000,1,42.973000,-0.801000,-0.664000,1.340000,-2.650000,-0.160000
2,460.827049,415.097000,1,42.973000,-0.801000,-0.664000,1.340000,-2.650000,-0.160000
2,369.685053,415.558000,1,42.973000,-0.801000,-0.664000,1.340000,-2.650000,-0.160000
2,429.840677,415.927000,1,42.973000,-0.801000,-0.664000,1.340000,-2.650000,-0.160000
2,713.574114,416.359000,1,42.973000,-0.801000,-0.664000,1.340000,-2.650000,-0.160000
2,474.998937,417.072000,1,42.973000,-0.801000,-0.664000,1.340000,-2.650000,-0.160000
2,520.483673,417.547000,1,42.973000,-0.801000,-0.664000,1.340000,-2.650000,-0.160000
2,463.973045,418.068000,1,42.973000,-0.801000,-0.664000,1.340000,-2.650000,-0.160000
2,389.645534,418.532000,1,42.973000,-0.801000,-0.664000,1.340000,-2.650000,-0.160000
2,402.471442,418.922000,1,42.973000,-0.801000,-0.664000,1.340000,-2.650000,-0.160000
2,357.258932,419.325000,1,42.973000,-0.801000,-0.664000,1.340000,-2.650000,-0.160000
2,434.723153,419.682000,1,42.973000,-0.801000,-0.664000,1.340000,-2.650000,-0.160000
2,367.207160,420.117000,1,42.973000,-0.801000,-0.664000,1.340000,-2.650000,-0.160000
2,412.320457,420.485000,1,42.973000,-0.801000,-0.664000,1.340000,-2.650000,-0.160000
2,526.083125,420.897000,1,42.973000,-0.801000,-0.664000,1.340000,-2.650000,-0.160000
2,668.963727,421.423000,1,42.973000,-0.801000,-0.664000,1.340000,-2.650000,-0.160000
2,780.489450,422.093000,1,42.973000,-0.801000,-0.664000,1.340000,-2.650000,-0.160000
2,596.086297,422.873000,1,42.973000,-0.801000,-0.664000,1.340000,-2.650000,-0.160000
2,906.017957,423.469000,1,42.973000,-0.801000,-0.664000,1.340000,-2.650000,-0.160000
2,588.542163,424.376000,1,42.973000,-0.801000,-0.664000,1.340000,-2.650000,-0.160000
2,497.877174,424.964000,1,42.973000,-0.801000,-0.664000,1.340000,-2.650000,-0.160000
2,503.848066,425.462000,1,42.973000,-0.801000,-0.664000,1.340000,-2.650000,-0.160000
2,501.318366,425.967000,1,42.973000,-0.801000,-0.664000,1.340000,-2.650000,-0.160000
2,562.312661,426.468000,1,42.973000,-0.801000,-0.664000,1.340000,-2.650000,-0.160000
2,388.503357,427.031000,1,42.973000,-0.801000,-0.664000,1.340000,-2.650000,-0.160000
2,412.639601,427.419000,1,42.973000,-0.801000,-0.664000,1.340000,-2.650000,-0.160000
2,394.456655,427.832000,1,42.973000,-0.801000,-0.664000,1.340000,-2.650000,-0.160000
2,466.161607,428.227000,1,42.973000,-0.801000,-0.664000,1.340000,-2.650000,-0.160000
2,424.598980,428.693000,1,42.973000,-0.801000,-0.664000,1.340000,-2.650000,-0.160000
2,380.020849,429.118000,1,42.973000,-0.801000,-0.664000,1.340000,-2.650000,-0.160000
2,422.078078,429.498000,1,42.973000,-0.801000,-0.664000,1.340000,-2.650000,-0.160000
2,412.259365,429.920000,1,42.973000,-0.801000,-0.664000,1.340000,-2.650000,-0.160000
2,412.358578,430.333000,1,42.973000,-0.801000,-0.664000,1.340000,-2.650000,-0.160000
2,376.727744,430.745000,1,42.973000,-0.801000,-0.664000,1.340000,-2.650000,-0.160000
2,524.045095,431.122000,1,42.973000,-0.801000,-0.664000,1.340000,-2.650000,-0.160000
2,434.903008,431.647000,1,42.973000,-0.801000,-0.664000,1.340000,-2.650000,-0.160000
2,644.856808,432.082000,1,42.973000,-0.801000,-0.664000,1.340000,-2.650000,-0.160000
2,407.710207,432.727000,1,42.973000,-0.801000,-0.664000,1.340000,-2.650000,-0.160000
2,797.242843,433.135000,1,42.973000,-0.801000,-0.664000,1.340000,-2.650000,-0.160000
2,656.737988,433.933000,1,42.973000,-0.801000,-0.664000,1.340000,-2.650000,-0.160000
2,689.792693,434.590000,1,42.973000,-0.801000,-0.664000,1.340000,-2.650000,-0.160000
2,826.296263,435.280000,1,42.973000,-0.801000,-0.664000,1.340000,-2.650000,-0.160000
2,994.749994,436.106000,1,42.973000,-0.801000,-0.664000,1.340000,-2.650000,-0.160000
2,643.299205,437.101000,1,42.973000,-0.801000,-0.664000,1.340000,-2.650000,-0.160000
2,644.859740,437.745000,1,42.973000,-0.801000,-0.664000,1.340000,-2.650000,-0.160000
2,477.317502,438.390000,1,42.973000,-0.801000,-0.664000,1.340000,-2.650000,-0.160000
2,519.706582,438.867000,1,42.973000,-0.801000,-0.664000,1.340000,-2.650000,-0.160000
2,388.513132,439.387000,1,42.973000,-0.801000,-0.664000,1.340000,-2.650000,-0.160000
2,477.367353,439.776000,1,42.973000,-0.801000,-0.664000,1.340000,-2.650000,-0.160000
2,474.689078,440.254000,1,42.973000,-0.801000,-0.664000,1.340000,-2.650000,-0.160000
2,493.542082,440.728000,1,42.973000,-0.801000,-0.664000,1.340000,-2.650000,-0.160000
2,633.319209,441.222000,1,42.973000,-0.801000,-0.664000,1.340000,-2.650000,-0.160000
2,366.253147,441.856000,1,42.973000,-0.801000,-0.664000,1.340000,-2.650000,-0.160000
2,383.544150,442.222000,1,42.973000,-0.801000,-0.664000,1.340000,-2.650000,-0.160000
2,433.528193,442.606000,1,42.973000,-0.801000,-0.664000,1.340000,-2.650000,-0.160000
2,492.415545,443.040000,1,42.973000,-0.801000,-0.664000,1.340000,-2.650000,-0.160000
2,402.607799,443.532000,1,42.973000,-0.801000,-0.664000,1.340000,-2.650000,-0.160000
2,443.257467,443.935000,1,42.973000,-0.801000,-0.664000,1.340000,-2.650000,-0.160000
2,513.401395,444.378000,1,42.973000,-0.801000,-0.664000,1.340000,-2.650000,-0.160000
2,1142.409949,444.892000,1,42.973000,-0.801000,-0.664000,1.340000,-2.650000,-0.160000
2,478.599946,446.035000,1,42.973000,-0.801000,-0.664000,1.340000,-2.650000,-0.160000
2,347.360066,446.513000,1,42.973000,-0.801000,-0.664000,1.340000,-2.650000,-0.160000
2,538.416387,446.861000,1,42.973000,-0.801000,-0.664000,1.340000,-2.650000,-0.160000
2,520.911317,447.400000,1,42.973000,-0.801000,-0.664000,1.340000,-2.650000,-0.160000
2,199.872635,447.921000,1,42.973000,-0.801000,-0.664000,1.340000,-2.650000,-0.160000
2,140.932499,448.121000,1,42.973000,-0.801000,-0.664000,1.340000,-2.650000,-0.160000
2,141.946627,448.262000,1,42.973000,-0.801000,-0.664000,1.340000,-2.650000,-0.160000
2,121.290186,448.404000,1,42.973000,-0.801000,-0.664000,1.340000,-2.650000,-0.160000
2,207.279435,448.526000,1,42.973000,-0.801000,-0.664000,1.340000,-2.650000,-0.160000
2,153.731038,448.733000,1,42.973000,-0.801000,-0.664000,1.340000,-2.650000,-0.160000
2,160.251269,448.887000,1,42.973000,-0.801000,-0.664000,1.340000,-2.650000,-0.160000
2,186.249110,449.048000,1,42.973000,-0.801000,-0.664000,1.340000,-2.650000,-0.160000
2,122.769102,449.234000,1,42.973000,-0.801000,-0.664000,1.340000,-2.650000,-0.160000
2,161.149078,449.357000,1,42.973000,-0.801000,-0.664000,1.340000,-2.650000,-0.160000
2,159.670650,449.518000,1,42.973000,-0.801000,-0.664000,1.340000,-2.650000,-0.160000
2,162.207192,449.678000,1,42.973000,-0.801000,-0.664000,1.340000,-2.650000,-0.160000
2,177.197224,449.841000,1,42.973000,-0.801000,-0.664000,1.340000,-2.650000,-0.160000
2,168.621368,450.018000,1,42.973000,-0.801000,-0.664000,1.340000,-2.650000,-0.160000
2,124.183505,450.187000,1,42.973000,-0.801000,-0.664000,1.340000,-2.650000,-0.160000
2,147.943911,450.311000,1,42.973000,-0.801000,-0.664000,1.340000,-2.650000,-0.160000
2,144.837014,450.459000,1,42.973000,-0.801000,-0.664000,1.340000,-2.650000,-0.160000
2,163.237937,450.604000,1,42.973000,-0.801000,-0.664000,1.340000,-2.650000,-0.160000
2,158.828558,450.768000,1,42.973000,-0.801000,-0.664000,1.340000,-2.650000,-0.160000
2,143.492500,450.927000,1,42.973000,-0.801000,-0.664000,1.340000,-2.650000,-0.160000
2,138.539157,451.071000,1,42.973000,-0.801000,-0.664000,1.340000,-2.650000,-0.160000
2,139.885137,451.209000,1,42.973000,-0.801000,-0.664000,1.340000,-2.650000,-0.160000
2,164.943627,451.350000,1,42.973000,-0.801000,-0.664000,1.340000,-2.650000,-0.160000
2,144.585315,451.516000,1,42.973000,-0.801000,-0.664000,1.340000,-2.650000,-0.160000
2,121.000365,451.660000,1,42.973000,-0.801000,-0.664000,1.340000,-2.650000,-0.160000
2,163.671446,451.782000,1,42.973000,-0.801000,-0.664000,1.340000,-2.650000,-0.160000
2,313.282925,451.946000,1,42.973000,-0.801000,-0.664000,1.340000,-2.650000,-0.160000
2,258.543478,452.259000,1,42.973000,-0.801000,-0.664000,1.340000,-2.650000,-0.160000
2,137.328069,452.518000,1,42.973000,-0.801000,-0.664000,1.340000,-2.650000,-0.160000
2,158.693666,452.655000,1,42.973000,-0.801000,-0.664000,1.340000,-2.650000,-0.160000
2,143.426032,452.814000,1,42.973000,-0.801000,-0.664000,1.340000,-2.650000,-0.160000
2,126.073937,452.958000,1,42.973000,-0.801000,-0.664000,1.340000,-2.650000,-0.160000
2,139.401288,453.084000,1,42.973000,-0.801000,-0.664000,1.340000,-2.650000,-0.160000
2,196.318056,453.224000,1,42.973000,-0.801000,-0.664000,1.340000,-2.650000,-0.160000
2,139.792277,453.420000,1,42.973000,-0.801000,-0.664000,1.340000,-2.650000,-0.160000
2,143.519869,453.560000,1,42.973000,-0.801000,-0.664000,1.340000,-2.650000,-0.160000
2,143.768147,453.704000,1,42.973000,-0.801000,-0.664000,1.340000,-2.650000,-0.160000
2,174.634780,453.848000,1,42.973000,-0.801000,-0.664000,1.340000,-2.650000,-0.160000
2,125.521176,454.023000,1,42.973000,-0.801000,-0.664000,1.340000,-2.650000,-0.160000
2,145.288117,454.148000,1,42.973000,-0.801000,-0.664000,1.340000,-2.650000,-0.160000
2,143.713409,454.294000,1,42.973000,-0.801000,-0.664000,1.340000,-2.650000,-0.160000
2,148.462460,454.438000,1,42.973000,-0.801000,-0.664000,1.340000,-2.650000,-0.160000
2,159.787947,454.587000,1,42.973000,-0.801000,-0.664000,1.340000,-2.650000,-0.160000
2,125.890661,454.747000,1,42.973000,-0.801000,-0.664000,1.340000,-2.650000,-0.160000
2,159.829001,454.873000,1,42.973000,-0.801000,-0.664000,1.340000,-2.650000,-0.160000
2,157.274865,455.033000,1,42.973000,-0.801000,-0.664000,1.340000,-2.650000,-0.160000
2,123.653226,455.190000,1,42.973000,-0.801000,-0.664000,1.340000,-2.650000,-0.160000
2,147.261635,455.314000,1,42.973000,-0.801000,-0.664000,1.340000,-2.650000,-0.160000
2,119.681266,455.462000,1,42.973000,-0.801000,-0.664000,1.340000,-2.650000,-0.160000
2,160.444320,455.581000,1,42.973000,-0.801000,-0.664000,1.340000,-2.650000,-0.160000
2,165.513982,455.742000,1,42.973000,-0.801000,-0.664000,1.340000,-2.650000,-0.160000
2,120.955890,455.908000,1,42.973000,-0.801000,-0.664000,1.340000,-2.650000,-0.160000
2,140.011231,456.029000,1,42.973000,-0.801000,-0.664000,1.340000,-2.650000,-0.160000
2,140.819601,456.169000,1,42.973000,-0.801000,-0.664000,1.340000,-2.650000,-0.160000
2,158.664831,456.310000,1,42.973000,-0.801000,-0.664000,1.340000,-2.650000,-0.160000
2,138.364678,456.469000,1,42.973000,-0.801000,-0.664000,1.340000,-2.650000,-0.160000
2,122.287208,456.608000,1,42.973000,-0.801000,-0.664000,1.340000,-2.650000,-0.160000
2,149.902766,456.730000,1,42.973000,-0.801000,-0.664000,1.340000,-2.650000,-0.160000
2,121.027246,456.880000,1,42.973000,-0.801000,-0.664000,1.340000,-2.650000,-0.160000
2,143.703634,457.001000,1,42.973000,-0.801000,-0.664000,1.340000,-2.650000,-0.160000
2,140.889979,457.145000,1,42.973000,-0.801000,-0.664000,1.340000,-2.650000,-0.160000
2,233.877932,457.286000,1,42.973000,-0.801000,-0.664000,1.340000,-2.650000,-0.160000
2,227.881137,457.520000,1,42.973000,-0.801000,-0.664000,1.340000,-2.650000,-0.160000
2,120.128459,457.749000,1,42.973000,-0.801000,-0.664000,1.340000,-2.650000,-0.160000
2,122.158181,457.869000,1,42.973000,-0.801000,-0.664000,1.340000,-2.650000,-0.160000
2,135.352108,457.991000,1,42.973000,-0.801000,-0.664000,1.340000,-2.650000,-0.160000
2,165.488568,458.127000,1,42.973000,-0.801000,-0.664000,1.340000,-2.650000,-0.160000
2,137.236675,458.293000,1,42.973000,-0.801000,-0.664000,1.340000,-2.650000,-0.160000
2,141.047841,458.430000,1,42.973000,-0.801000,-0.664000,1.340000,-2.650000,-0.160000
2,142.300961,458.571000,1,42.973000,-0.801000,-0.664000,1.340000,-2.650000,-0.160000
2,156.145395,458.714000,1,42.973000,-0.801000,-0.664000,1.340000,-2.650000,-0.160000
2,157.371146,458.870000,1,42.973000,-0.801000,-0.664000,1.340000,-2.650000,-0.160000
2,143.604909,459.028000,1,42.973000,-0.801000,-0.664000,1.340000,-2.650000,-0.160000
2,145.958664,459.171000,1,42.973000,-0.801000,-0.664000,1.340000,-2.650000,-0.160000
2,144.828217,459.318000,1,42.973000,-0.801000,-0.664000,1.340000,-2.650000,-0.160000
2,143.574608,459.463000,1,42.973000,-0.801000,-0.664000,1.340000,-2.650000,-0.160000
2,147.103284,459.606000,1,42.973000,-0.801000,-0.664000,1.340000,-2.650000,-0.160000
2,143.345879,459.754000,1,42.973000,-0.801000,-0.664000,1.340000,-2.650000,-0.160000
2,135.159546,459.897000,1,42.973000,-0.801000,-0.664000,1.340000,-2.650000,-0.160000
2,144.795471,460.033000,1,42.973000,-0.801000,-0.664000,1.340000,-2.650000,-0.160000
2,133.496376,460.178000,1,42.973000,-0.801000,-0.664000,1.340000,-2.650000,-0.160000
2,147.313930,460.311000,1,42.973000,-0.801000,-0.664000,1.340000,-2.650000,-0.160000
2,249.846903,460.459000,1,42.973000,-0.801000,-0.664000,1.340000,-2.650000,-0.160000
2,134.759270,460.709000,1,42.973000,-0.801000,-0.664000,1.340000,-2.650000,-0.160000
2,147.264567,460.844000,1,42.973000,-0.801000,-0.664000,1.340000,-2.650000,-0.160000
2,221.031986,460.991000,1,42.973000,-0.801000,-0.664000,1.340000,-2.650000,-0.160000
2,119.772659,461.213000,1,42.973000,-0.801000,-0.664000,1.340000,-2.650000,-0.160000
2,148.563140,461.333000,1,42.973000,-0.801000,-0.664000,1.340000,-2.650000,-0.160000
2,128.541567,461.481000,1,42.973000,-0.801000,-0.664000,1.340000,-2.650000,-0.160000
2,165.385444,461.610000,1,42.973000,-0.801000,-0.664000,1.340000,-2.650000,-0.160000
2,140.622152,461.776000,1,42.973000,-0.801000,-0.664000,1.340000,-2.650000,-0.160000
2,141.557593,461.916000,1,42.973000,-0.801000,-0.664000,1.340000,-2.650000,-0.160000
2,161.445252,462.058000,1,42.973000,-0.801000,-0.664000,1.340000,-2.650000,-0.160000
2,177.479225,462.220000,1,42.973000,-0.801000,-0.664000,1.340000,-2.650000,-0.160000
2,156.104341,462.398000,1,42.973000,-0.801000,-0.664000,1.340000,-2.650000,-0.160000
2,162.150987,462.554000,1,42.973000,-0.801000,-0.664000,1.340000,-2.650000,-0.160000
2,169.685347,462.716000,1,42.973000,-0.801000,-0.664000,1.340000,-2.650000,-0.160000
2,262.322876,462.886000,1,42.973000,-0.801000,-0.664000,1.340000,-2.650000,-0.160000
2,163.708101,463.149000,1,42.973000,-0.801000,-0.664000,1.340000,-2.650000,-0.160000
2,147.080802,463.313000,1,42.973000,-0.801000,-0.664000,1.340000,-2.650000,-0.160000
2,165.167468,463.460000,1,42.973000,-0.801000,-0.664000,1.340000,-2.650000,-0.160000
2,300.712138,463.625000,1,42.973000,-0.801000,-0.664000,1.340000,-2.650000,-0.160000
2,171.126630,463.926000,1,42.973000,-0.801000,-0.664000,1.340000,-2.650000,-0.160000
2,169.839787,464.097000,1,43.266998,0.004000,-0.405000,2.730000,-3.670000,0.000000
2,102.230446,464.267000,1,43.266998,0.004000,-0.405000,2.730000,-3.670000,0.000000
2,143.445581,464.370000,1,43.266998,0.004000,-0.405000,2.730000,-3.670000,0.000000
2,146.077427,464.514000,1,43.266998,0.004000,-0.405000,2.730000,-3.670000,0.000000
2,126.967347,464.660000,1,43.089001,-0.413000,-0.385000,2.540000,-2.190000,0.070000
2,162.635814,464.787000,1,42.999001,-0.512000,-0.653000,2.780000,-1.710000,0.190000
2,122.248598,464.950000,1,42.999001,-0.512000,-0.653000,2.780000,-1.710000,0.190000
2,181.244939,465.072000,1,42.999001,-0.512000,-0.653000,2.780000,-1.710000,0.190000
2,149.900811,465.254000,1,42.999001,-0.512000,-0.653000,2.780000,-1.710000,0.190000
2,163.257975,465.404000,1,42.999001,-0.512000,-0.653000,2.780000,-1.710000,0.190000
2,141.004343,465.567000,1,42.999001,-0.512000,-0.653000,2.780000,-1.710000,0.190000
2,143.658182,465.709000,1,42.999001,-0.512000,-0.653000,2.780000,-1.710000,0.190000
2,142.307314,465.852000,1,42.977001,-0.565000,-0.858000,1.550000,-1.420000,0.170000
2,182.131995,465.995000,1,42.977001,-0.565000,-0.858000,1.550000,-1.420000,0.170000
2,122.241755,466.177000,1,42.977001,-0.565000,-0.858000,1.550000,-1.420000,0.170000
2,163.651408,466.300000,1,42.995998,-0.631000,-0.721000,1.720000,-1.480000,0.150000
2,99.679731,466.464000,1,42.995998,-0.631000,-0.721000,1.720000,-1.480000,0.150000
2,144.795471,466.563000,1,42.979000,-0.706000,-0.825000,1.950000,-1.620000,0.120000
2,144.910324,466.708000,1,43.061001,-0.657000,-1.071000,2.010000,-2.750000,0.080000
2,159.643770,466.854000,1,42.998001,-0.640000,-0.818000,1.800000,-1.550000,0.080000
2,138.603671,467.013000,1,42.998001,-0.640000,-0.818000,1.800000,-1.550000,0.080000
2,121.057059,467.152000,1,43.032001,-0.664000,-0.759000,1.760000,-1.620000,0.220000
2,119.833263,467.273000,1,42.976002,-0.685000,-0.841000,2.100000,-1.450000,0.140000
2,142.316600,467.393000,1,42.976002,-0.685000,-0.841000,2.100000,-1.450000,0.140000
2,123.577472,467.536000,1,42.976002,-0.685000,-0.841000,2.100000,-1.450000,0.140000
2,122.182130,467.660000,1,43.001999,-0.651000,-0.818000,2.060000,-1.630000,0.100000
2,142.407017,467.782000,1,43.001999,-0.651000,-0.818000,2.060000,-1.630000,0.100000
2,144.796937,467.925000,1,42.952999,-0.682000,-0.810000,2.020000,-1.370000,0.170000
2,158.403357,468.070000,1,42.952999,-0.682000,-0.810000,2.020000,-1.370000,0.170000
2,118.781991,468.228000,1,43.000999,-0.657000,-0.788000,2.060000,-1.850000,0.120000
2,184.532668,468.347000,1,43.000999,-0.657000,-0.788000,2.060000,-1.850000,0.120000
2,136.050023,468.532000,1,43.012001,-0.659000,-0.812000,1.950000,-1.770000,0.110000
2,207.450492,468.668000,1,42.988998,-0.656000,-0.819000,2.130000,-1.660000,0.110000
2,209.966996,468.877000,1,42.988998,-0.656000,-0.819000,2.130000,-1.660000,0.110000
2,158.544113,469.087000,1,42.998001,-0.657000,-0.781000,2.180000,-1.690000,0.080000
2,187.034020,469.246000,1,42.962002,-0.677000,-0.791000,2.020000,-1.450000,0.170000
2,308.571018,469.433000,1,43.051998,-0.662000,-0.669000,1.840000,-1.830000,0.200000
2,121.025291,469.742000,1,42.999001,-0.657000,-0.775000,1.980000,-1.570000,0.110000
2,202.368123,469.863000,1,42.993999,-0.668000,-0.752000,2.160000,-1.640000,0.090000
2,144.787651,470.066000,1,43.058998,-0.677000,-0.655000,2.040000,-1.800000,0.140000
2,151.005355,470.211000,1,43.041000,-0.685000,-0.666000,1.920000,-1.890000,0.200000
2,162.319113,470.362000,1,43.015999,-0.653000,-0.747000,2.010000,-1.950000,0.090000
2,124.851607,470.524000,1,43.015999,-0.653000,-0.747000,2.010000,-1.950000,0.090000
2,123.291072,470.650000,1,43.015999,-0.653000,-0.747000,2.010000,-1.950000,0.090000
2,162.369452,470.773000,1,42.891998,-0.692000,-0.849000,2.270000,-0.970000,0.190000
2,132.325852,470.936000,1,43.063000,-0.677000,-0.745000,2.230000,-2.120000,0.110000
2,164.714898,471.068000,1,43.063000,-0.677000,-0.745000,2.230000,-2.120000,0.110000
2,142.465176,471.233000,1,43.007999,-0.656000,-0.899000,2.060000,-2.320000,0.160000
2,119.590849,471.376000,1,43.007999,-0.656000,-0.899000,2.060000,-2.320000,0.160000
2,128.537168,471.495000,1,43.007999,-0.656000,-0.899000,2.060000,-2.320000,0.160000
2,121.962198,471.624000,1,43.007999,-0.656000,-0.899000,2.060000,-2.320000,0.160000
2,123.870225,471.746000,1,43.007999,-0.656000,-0.899000,2.060000,-2.320000,0.160000
2,142.416791,471.870000,1,42.894001,-0.122000,-0.734000,2.260000,-1.070000,0.120000
2,116.115934,472.013000,1,42.987000,-0.102000,-0.706000,1.990000,-1.530000,0.030000
2,143.505696,472.129000,1,42.945000,-0.034000,-0.902000,2.430000,-1.200000,0.010000
2,177.162524,472.273000,1,43.120998,-0.136000,-0.864000,2.700000,-2.410000,0.040000
2,116.023563,472.450000,1,43.120998,-0.136000,-0.864000,2.700000,-2.410000,0.040000
2,146.081336,472.567000,1,43.120998,-0.136000,-0.864000,2.700000,-2.410000,0.040000
2,139.847504,472.713000,1,42.952000,-0.232000,-0.700000,1.220000,-1.400000,0.090000
2,140.964756,472.853000,1,42.952000,-0.232000,-0.700000,1.220000,-1.400000,0.090000
2,130.986715,472.994000,1,42.952000,-0.232000,-0.700000,1.220000,-1.400000,0.090000
2,163.624039,473.125000,1,43.041000,-0.418000,-0.776000,2.230000,-2.110000,0.020000
2,376.553754,473.289000,1,43.041000,-0.418000,-0.776000,2.230000,-2.110000,0.020000
2,139.952094,473.666000,1,43.041000,-0.418000,-0.776000,2.230000,-2.110000,0.020000
2,125.099885,473.806000,1,43.041000,-0.418000,-0.776000,2.230000,-2.110000,0.020000
2,137.659432,473.931000,1,43.026001,-0.280000,-0.754000,2.670000,-1.690000,0.070000
2,162.205726,474.069000,1,42.997002,-0.252000,-0.746000,2.040000,-1.740000,0.000000
2,156.422020,474.232000,1,42.921001,-0.372000,-0.767000,1.850000,-1.650000,-0.060000
2,144.455799,474.388000,1,43.108002,-0.291000,-0.669000,2.360000,-2.210000,0.090000
2,123.394684,474.533000,1,43.108002,-0.291000,-0.669000,2.360000,-2.210000,0.090000
2,124.851607,474.657000,1,43.035000,-0.279000,-0.685000,2.000000,-2.210000,-0.050000
2,246.263000,474.782000,1,43.047001,-0.300000,-0.706000,1.950000,-1.810000,0.000000
2,184.658762,475.028000,1,42.951000,-0.331000,-0.821000,2.310000,-1.360000,0.000000
2,115.854460,475.213000,1,43.078999,-0.350000,-0.701000,2.390000,-1.990000,0.130000
2,197.318988,475.329000,1,42.955002,-0.301000,-0.686000,1.630000,-1.680000,0.080000
2,176.016926,475.527000,1,43.032001,-0.310000,-0.703000,2.010000,-2.130000,-0.020000
2,163.601557,475.703000,1,42.980000,-0.324000,-0.715000,2.440000,-1.440000,0.170000
2,143.585360,475.867000,1,43.000000,-0.345000,-0.737000,2.560000,-1.780000,0.050000
2,119.795141,476.010000,1,42.980000,-0.312000,-0.660000,1.820000,-1.810000,0.050000
2,141.956402,476.130000,1,43.015999,-0.328000,-0.736000,2.300000,-1.860000,0.020000
2,120.387001,476.273000,1,42.976002,-0.330000,-0.802000,2.240000,-1.480000,0.030000
2,146.732333,476.393000,1,43.021000,-0.311000,-0.748000,2.500000,-1.790000,-0.010000
2,119.834729,476.540000,1,42.979000,-0.331000,-0.745000,2.180000,-1.720000,0.020000
2,288.485909,476.660000,1,43.070999,-0.324000,-0.790000,2.230000,-2.000000,0.190000
2,309.813386,476.949000,1,43.016998,-0.313000,-0.736000,2.560000,-1.840000,0.000000
2,147.277274,477.259000,1,43.000000,-0.313000,-0.754000,2.310000,-1.630000,0.050000
2,161.212125,477.407000,1,43.000000,-0.313000,-0.754000,2.310000,-1.630000,0.050000
2,139.638814,477.568000,1,43.000000,-0.313000,-0.754000,2.310000,-1.630000,0.050000
2,125.894571,477.708000,1,43.025002,-0.354000,-0.941000,2.510000,-2.390000,0.030000
2,142.376715,477.834000,1,43.016998,-0.313000,-0.633000,1.970000,-1.840000,0.070000
2,164.846368,477.976000,1,43.066002,-0.315000,-0.631000,2.300000,-2.060000,0.040000
2,129.770739,478.142000,1,43.047001,-0.308000,-0.649000,2.270000,-1.860000,0.080000
2,144.843856,478.272000,1,42.980999,-0.331000,-0.771000,2.480000,-1.680000,0.030000
2,144.773967,478.417000,1,43.023998,-0.306000,-0.628000,1.990000,-1.800000,0.060000
2,114.580325,478.562000,1,43.023998,-0.306000,-0.628000,1.990000,-1.800000,0.060000
2,176.334605,478.676000,1,43.035000,-0.327000,-0.641000,2.410000,-1.680000,0.120000
2,141.091338,478.853000,1,43.033001,-0.322000,-0.639000,2.290000,-1.610000,0.100000
2,142.230583,478.994000,1,43.025002,-0.323000,-0.631000,2.060000,-1.820000,0.080000
2,144.707499,479.137000,1,43.025002,-0.323000,-0.631000,2.060000,-1.820000,0.080000
2,112.975314,479.281000,1,43.025002,-0.323000,-0.631000,2.060000,-1.820000,0.080000
2,127.850005,479.395000,1,42.978001,-0.329000,-0.775000,2.410000,-1.440000,0.060000
2,144.814043,479.523000,1,42.978001,-0.329000,-0.775000,2.410000,-1.440000,0.060000
2,144.281321,479.668000,1,42.978001,-0.329000,-0.775000,2.410000,-1.440000,0.060000
2,125.325682,479.812000,1,43.000000,-0.326000,-0.736000,2.450000,-1.760000,0.040000
2,128.647623,479.938000,1,43.039001,-0.327000,-0.608000,2.170000,-1.890000,0.080000
2,120.883068,480.067000,1,43.007999,-0.308000,-0.698000,2.300000,-1.670000,0.010000
2,142.414836,480.188000,1,43.007999,-0.308000,-0.698000,2.300000,-1.670000,0.010000
2,130.835206,480.330000,1,43.007999,-0.308000,-0.698000,2.300000,-1.670000,0.010000
2,121.085894,480.461000,1,43.007999,-0.308000,-0.698000,2.300000,-1.670000,0.010000
2,118.254644,480.583000,1,43.007999,-0.308000,-0.698000,2.300000,-1.670000,0.010000
2,174.207135,480.701000,1,43.035000,-0.321000,-0.649000,2.200000,-1.860000,0.040000
2,139.430124,480.876000,1,42.993000,-0.295000,-0.711000,2.330000,-1.740000,-0.020000
2,144.736334,481.015000,1,43.009998,-0.318000,-0.736000,2.250000,-1.830000,-0.010000
2,143.607353,481.160000,1,43.060001,-0.323000,-0.618000,2.390000,-1.790000,0.090000
2,239.759385,481.304000,1,43.012001,-0.315000,-0.745000,2.390000,-1.730000,0.010000
2,208.605865,481.544000,1,42.987999,-0.318000,-0.740000,2.320000,-1.790000,-0.010000
2,118.493148,481.753000,1,43.043999,-0.325000,-0.620000,2.190000,-1.890000,0.080000
2,171.406187,481.871000,1,43.006001,-0.330000,-0.712000,2.610000,-1.670000,-0.030000
2,141.886024,482.043000,1,43.002998,-0.329000,-0.636000,2.190000,-1.580000,0.120000
2,119.798562,482.185000,1,43.044998,-0.320000,-0.590000,1.950000,-1.950000,0.090000
2,161.127573,482.305000,1,42.992001,-0.327000,-0.722000,2.460000,-1.780000,-0.010000
2,132.372282,482.466000,1,42.992001,-0.327000,-0.722000,2.460000,-1.780000,-0.010000
2,144.828217,482.599000,1,43.023998,-0.335000,-0.628000,2.190000,-1.750000,0.070000
2,124.691791,482.744000,1,43.023998,-0.335000,-0.628000,2.190000,-1.750000,0.070000
2,144.636632,482.869000,1,43.042999,-0.324000,-0.607000,2.150000,-1.830000,0.080000
2,141.136302,483.014000,1,43.042999,-0.324000,-0.607000,2.150000,-1.830000,0.080000
2,142.322954,483.155000,1,43.042999,-0.324000,-0.607000,2.150000,-1.830000,0.080000
2,164.715387,483.298000,1,43.000999,-0.313000,-0.703000,2.350000,-1.910000,-0.010000
2,126.212249,483.463000,1,43.016998,-0.334000,-0.660000,2.180000,-1.810000,0.120000
2,145.943513,483.589000,1,43.042000,-0.325000,-0.629000,2.180000,-1.970000,0.090000
2,143.637166,483.735000,1,43.001999,-0.318000,-0.731000,2.360000,-1.780000,-0.010000
2,142.108399,483.879000,1,43.022999,-0.320000,-0.622000,2.060000,-1.790000,0.050000
2,126.270898,484.021000,1,43.009998,-0.324000,-0.945000,2.380000,-2.540000,-0.020000
2,325.853224,484.148000,1,42.981998,-0.330000,-0.747000,2.480000,-1.850000,0.010000
2,162.343061,484.474000,1,43.026001,-0.329000,-0.661000,2.080000,-1.840000,0.050000
2,300.092909,484.636000,1,43.014999,-0.323000,-0.655000,1.900000,-1.820000,0.010000
2,122.056036,484.937000,1,42.991001,-0.330000,-0.720000,2.270000,-1.710000,0.010000
2,185.839060,485.059000,1,42.991001,-0.330000,-0.720000,2.270000,-1.710000,0.010000
2,167.299825,485.245000,1,42.991001,-0.330000,-0.720000,2.270000,-1.710000,0.010000
2,123.281786,485.412000,1,42.991001,-0.330000,-0.720000,2.270000,-1.710000,0.010000
2,138.870032,485.536000,1,42.991001,-0.330000,-0.720000,2.270000,-1.710000,0.010000
2,124.729423,485.675000,1,42.991001,-0.330000,-0.720000,2.270000,-1.710000,0.010000
2,189.935648,485.800000,1,42.976002,-0.331000,-0.750000,2.380000,-1.670000,0.000000
2,144.631256,485.990000,1,42.976002,-0.331000,-0.750000,2.380000,-1.670000,0.000000
2,162.512163,486.135000,1,42.976002,-0.331000,-0.750000,2.380000,-1.670000,0.000000
2,104.752814,486.299000,1,42.976002,-0.331000,-0.750000,2.380000,-1.670000,0.000000
2,146.198633,486.404000,1,42.972000,-0.332000,-0.757000,2.610000,-1.570000,0.000000
2,186.987102,486.550000,1,42.998001,-0.318000,-0.727000,2.260000,-1.750000,-0.030000
2,139.879272,486.737000,1,42.998001,-0.318000,-0.727000,2.260000,-1.750000,-0.030000
2,171.111968,486.877000,1,42.999001,-0.313000,-0.718000,2.470000,-1.730000,0.000000
2,287.095455,487.049000,1,43.004002,-0.311000,-0.717000,2.210000,-1.720000,-0.050000
2,227.478419,487.336000,1,43.004002,-0.311000,-0.717000,2.210000,-1.720000,-0.050000
2,265.903358,487.564000,1,43.025002,-0.337000,-0.886000,2.720000,-1.670000,0.140000
2,205.946162,487.830000,1,43.041000,-0.325000,-0.639000,2.180000,-2.010000,0.080000
2,215.958414,488.036000,1,42.999001,-0.316000,-0.751000,2.440000,-1.700000,0.010000
2,191.209295,488.252000,1,42.999001,-0.316000,-0.751000,2.440000,-1.700000,0.010000
2,145.955731,488.443000,1,43.035000,-0.331000,-0.896000,2.020000,-2.310000,0.110000
2,242.278821,488.590000,1,43.034000,-0.335000,-0.647000,2.360000,-1.880000,0.100000
2,245.981976,488.832000,1,43.030998,-0.344000,-0.936000,2.370000,-2.410000,0.060000
2,132.558979,489.078000,1,42.994999,-0.320000,-0.746000,2.350000,-1.630000,0.010000
2,184.491614,489.211000,1,42.997002,-0.319000,-0.737000,2.500000,-1.760000,-0.000000
2,177.337003,489.396000,1,43.021000,-0.311000,-0.703000,2.440000,-1.920000,-0.040000
2,301.152978,489.573000,1,43.030998,-0.323000,-0.620000,2.150000,-1.770000,0.070000
2,119.781457,489.875000,1,43.030998,-0.323000,-0.620000,2.150000,-1.770000,0.070000
2,165.918656,489.995000,1,43.047001,-0.328000,-0.612000,2.210000,-1.970000,0.070000
2,148.548966,490.161000,1,43.030998,-0.332000,-0.625000,2.290000,-1.920000,0.060000
2,158.604228,490.310000,1,43.033001,-0.332000,-0.658000,2.330000,-1.820000,0.090000
2,164.720274,490.468000,1,43.035999,-0.323000,-0.666000,2.260000,-1.850000,0.050000
2,122.338525,490.633000,1,42.992001,-0.324000,-0.746000,2.440000,-1.650000,-0.010000
2,139.613400,490.756000,1,43.022999,-0.339000,-0.661000,2.080000,-1.870000,0.100000
2,144.937693,490.896000,1,43.025002,-0.336000,-0.676000,2.350000,-1.780000,0.090000
2,138.535736,491.041000,1,43.011002,-0.314000,-0.727000,2.480000,-1.990000,-0.020000
2,142.505741,491.179000,1,43.011002,-0.314000,-0.727000,2.480000,-1.990000,-0.020000
2,140.876783,491.322000,1,43.011002,-0.314000,-0.727000,2.480000,-1.990000,-0.020000
2,115.994728,491.463000,1,43.049999,-0.322000,-0.621000,2.350000,-2.010000,0.080000
2,161.020051,491.579000,1,43.049999,-0.322000,-0.621000,2.350000,-2.010000,0.080000
2,119.948116,491.741000,1,43.049999,-0.322000,-0.621000,2.350000,-2.010000,0.080000
2,167.292005,491.861000,1,43.049999,-0.322000,-0.621000,2.350000,-2.010000,0.080000
2,141.005810,492.028000,1,43.004002,-0.329000,-0.753000,2.500000,-1.850000,-0.030000
2,147.355472,492.170000,1,43.047001,-0.325000,-0.645000,2.170000,-2.020000,0.040000
2,140.846970,492.317000,1,43.047001,-0.325000,-0.645000,2.170000,-2.020000,0.040000
2,144.825773,492.458000,1,42.979000,-0.327000,-0.772000,2.520000,-1.800000,0.020000
2,124.733333,492.603000,1,43.018002,-0.321000,-0.653000,2.210000,-1.780000,0.120000
2,187.367339,492.728000,1,43.018002,-0.321000,-0.653000,2.210000,-1.780000,0.120000
2,159.547000,492.916000,1,43.018002,-0.321000,-0.653000,2.210000,-1.780000,0.120000
2,184.962267,493.075000,1,43.018002,-0.321000,-0.653000,2.210000,-1.780000,0.120000
2,143.554570,493.261000,1,43.019001,-0.329000,-0.674000,2.200000,-1.850000,0.130000
2,121.086383,493.404000,1,43.019001,-0.329000,-0.674000,2.200000,-1.850000,0.130000
2,146.064719,493.526000,1,43.041000,-0.319000,-0.637000,2.090000,-1.840000,0.070000
2,124.866270,493.672000,1,43.041000,-0.319000,-0.637000,2.090000,-1.840000,0.070000
2,184.726696,493.797000,1,43.007999,-0.312000,-0.719000,2.350000,-1.950000,-0.010000
2,122.188972,493.982000,1,43.033001,-0.334000,-0.646000,2.330000,-1.880000,0.110000
2,147.541192,494.104000,1,43.033001,-0.334000,-0.646000,2.330000,-1.880000,0.110000
2,127.033326,494.252000,1,43.033001,-0.334000,-0.646000,2.330000,-1.880000,0.110000
2,138.554308,494.379000,1,43.033001,-0.334000,-0.646000,2.330000,-1.880000,0.110000
2,142.305848,494.518000,1,43.043999,-0.319000,-0.637000,2.230000,-1.950000,0.080000
2,239.785288,494.661000,1,43.043999,-0.319000,-0.637000,2.230000,-1.950000,0.080000
2,187.310645,494.901000,1,43.021999,-0.336000,-0.672000,2.350000,-1.770000,0.150000
2,149.744904,495.088000,1,43.021999,-0.336000,-0.672000,2.350000,-1.770000,0.150000
2,159.555797,495.238000,1,43.021999,-0.336000,-0.672000,2.350000,-1.770000,0.150000
2,116.342219,495.398000,1,43.021999,-0.336000,-0.672000,2.350000,-1.770000,0.150000
2,117.238073,495.514000,1,43.021999,-0.336000,-0.672000,2.350000,-1.770000,0.150000
2,141.242358,495.632000,1,43.094002,-0.350000,-0.800000,2.420000,-2.290000,0.180000
2,120.249666,495.773000,1,43.015999,-0.313000,-0.703000,2.110000,-1.640000,0.000000
2,200.622846,495.894000,1,43.015999,-0.313000,-0.703000,2.110000,-1.640000,0.000000
2,203.017654,496.095000,1,43.015999,-0.313000,-0.703000,2.110000,-1.640000,0.000000
2,185.101557,496.298000,1,43.015999,-0.313000,-0.703000,2.110000,-1.640000,0.000000
2,160.466313,496.483000,1,43.015999,-0.313000,-0.703000,2.110000,-1.640000,0.000000
2,91.607762,496.644000,1,43.015999,-0.313000,-0.703000,2.110000,-1.640000,0.000000
2,247.285436,496.736000,1,43.015999,-0.313000,-0.703000,2.110000,-1.640000,0.000000
2,317.292518,496.983000,1,43.015999,-0.313000,-0.703000,2.110000,-1.640000,0.000000
2,104.988385,497.300000,1,43.015999,-0.313000,-0.703000,2.110000,-1.640000,0.000000
2,185.862031,497.406000,1,43.015999,-0.313000,-0.703000,2.110000,-1.640000,0.000000
2,164.874226,497.592000,1,43.015999,-0.313000,-0.703000,2.110000,-1.640000,0.000000
2,212.730800,497.757000,1,43.015999,-0.313000,-0.703000,2.110000,-1.640000,0.000000
2,369.202671,497.970000,1,43.015999,-0.313000,-0.703000,2.110000,-1.640000,0.000000
2,168.551967,498.339000,1,43.015999,-0.313000,-0.703000,2.110000,-1.640000,0.000000
2,509.800874,498.508000,1,43.015999,-0.313000,-0.703000,2.110000,-1.640000,0.000000
2,138.580211,499.018000,1,40.792000,-0.321000,-0.794000,2.520000,-2.120000,0.580000
2,431.049811,499.157000,1,40.812000,-0.328000,-0.701000,2.190000,-2.110000,0.660000
2,307.229926,499.588000,1,40.831001,-0.328000,-0.685000,2.270000,-2.380000,0.630000
2,136.175140,499.895000,1,40.831001,-0.328000,-0.685000,2.270000,-2.380000,0.630000
2,143.313623,500.032000,1,40.778000,-0.337000,-0.827000,2.580000,-2.200000,0.610000
2,143.608331,500.175000,1,40.778000,-0.337000,-0.827000,2.580000,-2.200000,0.610000
2,143.631301,500.319000,1,40.812000,-0.345000,-0.689000,2.440000,-1.980000,0.610000
2,128.513220,500.463000,1,40.818001,-0.345000,-0.690000,2.470000,-2.040000,0.600000
2,146.063742,500.592000,1,40.778000,-0.342000,-0.790000,2.810000,-1.990000,0.510000
2,120.971041,500.738000,1,40.823002,-0.358000,-1.007000,2.330000,-3.180000,0.620000
2,143.534531,500.859000,1,40.841000,-0.350000,-1.004000,2.400000,-3.020000,0.610000
2,124.647316,501.003000,1,40.764999,-0.338000,-0.835000,2.650000,-1.900000,0.630000
2,151.258032,501.128000,1,40.764999,-0.338000,-0.835000,2.650000,-1.900000,0.630000
2,119.714011,501.279000,1,40.807999,-0.346000,-0.726000,2.380000,-2.150000,0.700000
2,143.687506,501.399000,1,40.837002,-0.380000,-0.979000,2.040000,-3.140000,0.730000
2,123.396151,501.543000,1,40.770000,-0.336000,-0.812000,2.480000,-2.090000,0.640000
2,158.574903,501.667000,1,40.770000,-0.336000,-0.812000,2.480000,-2.090000,0.640000
2,181.056286,501.825000,1,40.787998,-0.332000,-0.834000,2.570000,-2.010000,0.680000
2,125.969347,502.007000,1,40.793999,-0.324000,-0.782000,2.390000,-2.200000,0.550000
2,147.428294,502.133000,1,40.820000,-0.365000,-1.041000,2.430000,-3.130000,0.590000
2,159.655500,502.280000,1,40.820000,-0.365000,-1.041000,2.430000,-3.130000,0.590000
2,133.569197,502.440000,1,40.775002,-0.335000,-0.807000,2.460000,-2.110000,0.630000
2,179.948321,502.574000,1,40.775002,-0.335000,-0.807000,2.460000,-2.110000,0.630000
2,158.874010,502.754000,1,40.844002,-0.377000,-0.922000,2.400000,-2.860000,0.630000
2,121.803848,502.913000,1,40.772999,-0.333000,-0.812000,2.380000,-2.080000,0.610000
2,123.551080,503.035000,1,40.778000,-0.330000,-0.768000,2.600000,-1.900000,0.540000
2,164.628881,503.159000,1,40.819000,-0.336000,-0.714000,2.230000,-2.240000,0.630000
2,126.149691,503.324000,1,40.803001,-0.368000,-1.029000,2.540000,-2.700000,0.650000
2,141.098181,503.450000,1,40.838001,-0.321000,-0.721000,2.360000,-2.180000,0.670000
2,156.262203,503.592000,1,40.792000,-0.337000,-0.801000,2.560000,-2.240000,0.570000
2,168.315419,503.749000,1,40.801998,-0.338000,-0.734000,2.100000,-2.170000,0.700000
2,101.109285,503.918000,1,40.820000,-0.344000,-0.728000,2.370000,-2.150000,0.750000
2,142.165581,504.019000,1,40.783001,-0.336000,-0.832000,2.690000,-2.010000,0.660000
2,141.048818,504.161000,1,40.841000,-0.386000,-0.947000,2.430000,-2.920000,0.640000
2,123.752439,504.302000,1,40.827000,-0.344000,-0.755000,2.590000,-2.160000,0.750000
2,124.717694,504.426000,1,40.811001,-0.345000,-0.750000,2.430000,-2.210000,0.720000
2,144.971416,504.551000,1,40.837002,-0.382000,-0.976000,2.270000,-3.000000,0.730000
2,144.617082,504.696000,1,40.825001,-0.362000,-1.061000,2.690000,-2.860000,0.680000
2,143.432386,504.841000,1,40.772999,-0.350000,-0.796000,2.610000,-1.830000,0.550000
2,127.311906,504.985000,1,40.768002,-0.350000,-0.808000,2.600000,-2.070000,0.590000
2,138.632506,505.112000,1,40.877998,-0.363000,-0.947000,2.370000,-2.910000,0.790000
2,124.787583,505.251000,1,40.785999,-0.344000,-0.786000,2.730000,-2.060000,0.510000
2,135.972314,505.376000,1,40.772999,-0.348000,-0.821000,2.650000,-2.120000,0.600000
2,347.284801,505.512000,1,40.823002,-0.334000,-0.719000,2.310000,-2.260000,0.670000
2,148.557764,505.860000,1,40.791000,-0.325000,-0.780000,2.460000,-2.060000,0.560000
2,122.439694,506.009000,1,40.798000,-0.384000,-1.070000,2.510000,-2.870000,0.650000
2,119.678333,506.131000,1,40.782001,-0.338000,-0.860000,2.780000,-1.860000,0.690000
2,152.363065,506.251000,1,40.782001,-0.338000,-0.860000,2.780000,-1.860000,0.690000
2,138.441899,506.404000,1,40.826000,-0.336000,-0.706000,2.190000,-2.010000,0.670000
2,124.784162,506.542000,1,40.834999,-0.338000,-0.734000,2.570000,-2.060000,0.700000
2,144.842390,506.667000,1,40.823002,-0.338000,-0.718000,2.330000,-2.200000,0.670000
2,288.492752,506.812000,1,40.801998,-0.346000,-0.733000,2.220000,-2.090000,0.700000
2,139.829910,507.101000,1,40.785999,-0.344000,-0.822000,2.430000,-2.190000,0.580000
2,268.471668,507.241000,1,40.835999,-0.347000,-0.706000,2.260000,-2.280000,0.660000
2,276.107684,507.510000,1,40.798000,-0.325000,-0.789000,2.320000,-2.140000,0.550000
2,138.481486,507.786000,1,40.798000,-0.325000,-0.789000,2.320000,-2.140000,0.550000
2,167.204521,507.925000,1,40.798000,-0.322000,-0.825000,2.350000,-2.140000,0.570000
2,181.135950,508.092000,1,40.831001,-0.340000,-0.716000,2.310000,-2.180000,0.690000
2,167.309599,508.274000,1,40.797001,-0.349000,-0.742000,2.260000,-2.170000,0.660000
2,182.874874,508.441000,1,40.797001,-0.349000,-0.742000,2.260000,-2.170000,0.660000
2,141.426612,508.624000,1,40.838001,-0.338000,-0.694000,2.220000,-2.340000,0.630000
2,182.684756,508.766000,1,40.838001,-0.338000,-0.694000,2.220000,-2.340000,0.630000
2,140.886069,508.949000,1,40.800999,-0.351000,-0.717000,2.410000,-2.100000,0.710000
2,123.544238,509.090000,1,40.782001,-0.332000,-0.805000,2.500000,-2.250000,0.540000
2,186.036510,509.214000,1,40.792999,-0.323000,-0.759000,2.240000,-1.970000,0.620000
2,164.782832,509.400000,1,40.830002,-0.332000,-0.692000,2.210000,-2.430000,0.630000
2,139.836752,509.565000,1,40.812000,-0.354000,-0.694000,2.600000,-2.070000,0.600000
2,141.127505,509.705000,1,40.820999,-0.356000,-0.699000,2.590000,-2.120000,0.610000
2,207.242779,509.846000,1,40.787998,-0.332000,-0.789000,2.440000,-2.170000,0.560000
2,174.682676,510.054000,1,40.800999,-0.321000,-0.819000,2.560000,-2.010000,0.640000
2,182.367566,510.229000,1,40.800999,-0.321000,-0.819000,2.560000,-2.010000,0.640000
2,124.603818,510.411000,1,40.769001,-0.352000,-0.838000,2.630000,-1.910000,0.610000
2,224.873943,510.536000,1,40.792999,-0.334000,-0.811000,2.610000,-2.200000,0.560000
2,122.406460,510.761000,1,40.792999,-0.334000,-0.811000,2.610000,-2.200000,0.560000
2,122.272057,510.884000,1,40.790001,-0.335000,-0.797000,2.480000,-2.170000,0.570000
2,138.484908,511.006000,1,40.790001,-0.335000,-0.797000,2.480000,-2.170000,0.570000
2,291.032715,511.145000,1,40.806000,-0.357000,-0.730000,2.250000,-2.220000,0.690000
2,157.532918,511.436000,1,40.799999,-0.323000,-0.749000,2.150000,-2.070000,0.590000
2,177.010527,511.594000,1,40.824001,-0.346000,-0.697000,2.270000,-2.180000,0.650000
2,119.896310,511.771000,1,40.835999,-0.382000,-0.956000,1.990000,-2.870000,0.730000
2,120.971530,511.891000,1,40.835999,-0.382000,-0.956000,1.990000,-2.870000,0.730000
2,144.886376,512.012000,1,40.778000,-0.353000,-0.810000,2.710000,-1.910000,0.490000
2,159.705351,512.157000,1,40.846001,-0.340000,-0.699000,2.260000,-2.390000,0.690000
2,142.307803,512.317000,1,40.846001,-0.340000,-0.699000,2.260000,-2.390000,0.690000
2,152.271671,512.460000,1,40.841000,-0.331000,-0.693000,2.250000,-2.300000,0.670000
2,189.792937,512.612000,1,40.784000,-0.323000,-0.766000,2.270000,-1.930000,0.590000
2,134.929839,512.802000,1,40.785000,-0.350000,-0.822000,2.920000,-1.850000,0.640000
2,137.368634,512.937000,1,40.783001,-0.332000,-0.794000,2.450000,-2.130000,0.590000
2,144.475349,513.075000,1,40.792000,-0.328000,-0.794000,2.370000,-2.070000,0.550000
2,182.632950,513.220000,1,40.792000,-0.328000,-0.794000,2.370000,-2.070000,0.550000
2,144.572607,513.402000,1,40.820000,-0.339000,-0.722000,2.430000,-2.220000,0.670000
2,164.928965,513.547000,1,40.780998,-0.340000,-0.815000,2.580000,-2.100000,0.640000
2,225.696975,513.712000,1,40.830002,-0.381000,-0.951000,2.010000,-2.910000,0.670000
2,255.418498,513.938000,1,40.804001,-0.369000,-0.720000,2.650000,-1.940000,0.650000
2,120.589338,514.194000,1,40.794998,-0.327000,-0.776000,2.520000,-2.260000,0.530000
2,293.410906,514.315000,1,40.794998,-0.393000,-1.017000,2.460000,-2.630000,0.580000
2,164.816555,514.608000,1,40.778999,-0.349000,-0.785000,2.700000,-1.840000,0.520000
2,181.063129,514.773000,1,40.811001,-0.346000,-0.719000,2.240000,-2.140000,0.720000
2,156.009038,514.955000,1,40.834999,-0.343000,-0.721000,2.440000,-2.090000,0.700000
2,162.220877,515.111000,1,40.834999,-0.343000,-0.721000,2.440000,-2.090000,0.700000
2,201.878898,515.273000,1,40.794998,-0.329000,-0.772000,2.420000,-2.290000,0.560000
2,163.755020,515.475000,1,40.814999,-0.345000,-0.725000,2.330000,-2.190000,0.730000
2,162.663672,515.639000,1,40.799000,-0.359000,-0.740000,2.270000,-2.140000,0.670000
2,183.368009,515.802000,1,40.775002,-0.350000,-0.817000,2.600000,-2.100000,0.590000
2,206.062481,515.986000,1,40.823002,-0.339000,-0.707000,2.220000,-2.190000,0.640000
2,246.143748,516.192000,1,40.784000,-0.344000,-0.816000,2.410000,-2.040000,0.620000
2,164.824375,516.438000,1,40.787998,-0.334000,-0.797000,2.560000,-2.240000,0.580000
2,162.131438,516.603000,1,40.778000,-0.335000,-0.811000,2.310000,-2.110000,0.580000
2,182.431590,516.766000,1,40.798000,-0.322000,-0.776000,2.480000,-2.230000,0.590000
2,144.263237,516.948000,1,40.792000,-0.324000,-0.767000,2.350000,-2.210000,0.540000
2,132.638644,517.093000,1,40.764999,-0.350000,-0.830000,2.680000,-1.980000,0.580000
2,174.845425,517.226000,1,40.814999,-0.357000,-0.704000,2.530000,-2.080000,0.570000
2,223.606649,517.401000,1,40.837002,-0.329000,-0.697000,2.290000,-2.320000,0.670000
2,226.086009,517.625000,1,40.685001,-0.285000,-0.795000,2.480000,-2.220000,0.770000
2,198.546205,517.851000,1,40.471001,-0.186000,-0.808000,2.360000,-2.290000,1.260000
2,121.518426,518.050000,1,40.367001,-0.171000,-0.798000,2.850000,-2.130000,1.410000
2,141.871362,518.171000,1,40.374001,-0.168000,-0.778000,2.230000,-2.200000,1.640000
2,204.080166,518.313000,1,40.390999,-0.169000,-0.720000,2.260000,-2.290000,1.600000
2,120.827841,518.518000,1,40.379002,-0.143000,-0.812000,2.520000,-2.310000,1.490000
2,209.369760,518.639000,1,40.360001,-0.156000,-0.821000,2.570000,-2.220000,1.520000
2,139.630506,518.848000,1,40.382999,-0.141000,-0.807000,2.420000,-2.220000,1.490000
2,174.956368,518.988000,1,40.373001,-0.148000,-0.781000,2.250000,-2.270000,1.470000
2,142.318555,519.163000,1,40.401001,-0.177000,-1.046000,2.490000,-2.790000,1.600000
2,240.851222,519.306000,1,40.404999,-0.161000,-0.729000,2.240000,-2.250000,1.590000
2,452.412476,519.547000,1,40.404999,-0.161000,-0.729000,2.240000,-2.250000,1.590000
2,145.944979,519.999000,1,40.367001,-0.154000,-0.798000,2.510000,-2.250000,1.520000
2,142.274569,520.146000,1,40.346001,-0.165000,-0.852000,2.550000,-2.110000,1.530000
2,156.510970,520.288000,1,40.347000,-0.155000,-0.835000,2.280000,-2.020000,1.570000
2,241.844335,520.445000,1,40.359001,-0.157000,-0.829000,2.420000,-2.180000,1.490000
2,182.336287,520.687000,1,40.396999,-0.161000,-0.756000,2.540000,-2.100000,1.720000
2,163.717876,520.869000,1,40.398998,-0.161000,-0.734000,2.260000,-2.260000,1.620000
2,121.873248,521.033000,1,40.398998,-0.161000,-0.734000,2.260000,-2.260000,1.620000
2,153.766227,521.155000,1,40.679001,-0.275000,-0.764000,2.460000,-2.280000,0.820000
2,141.179311,521.310000,1,40.679001,-0.275000,-0.764000,2.460000,-2.280000,0.820000
2,184.106979,521.452000,1,40.872002,-0.376000,-0.774000,2.540000,-2.060000,0.600000
2,126.600795,521.636000,1,40.880001,-0.370000,-0.678000,2.170000,-2.360000,0.550000
2,163.664604,521.763000,1,40.827999,-0.342000,-0.844000,2.770000,-1.940000,0.560000
2,207.282367,521.927000,1,40.827999,-0.342000,-0.844000,2.770000,-1.940000,0.560000
2,162.340617,522.134000,1,40.831001,-0.362000,-0.765000,2.600000,-2.040000,0.680000
2,147.050989,522.297000,1,40.791000,-0.350000,-0.828000,2.580000,-2.160000,0.560000
2,152.512618,522.444000,1,40.789001,-0.355000,-0.814000,2.410000,-2.100000,0.550000
2,157.152192,522.597000,1,40.823002,-0.366000,-0.713000,2.430000,-2.140000,0.640000
2,168.493319,522.754000,1,40.784000,-0.353000,-0.820000,2.640000,-2.010000,0.580000
2,128.757588,522.923000,1,40.841000,-0.338000,-0.706000,2.210000,-2.260000,0.590000
2,232.117993,523.052000,1,40.845001,-0.327000,-0.738000,2.260000,-2.080000,0.650000
2,163.549751,523.284000,1,40.846001,-0.343000,-0.714000,2.020000,-2.110000,0.610000
2,180.710261,523.448000,1,40.846001,-0.343000,-0.714000,2.020000,-2.110000,0.610000
2,173.892878,523.629000,1,40.813000,-0.332000,-0.774000,2.350000,-2.160000,0.480000
2,178.443502,523.803000,1,40.855000,-0.393000,-0.946000,2.100000,-3.180000,0.680000
2,182.935478,523.981000,1,40.813999,-0.337000,-0.798000,2.510000,-2.160000,0.530000
2,146.644849,524.165000,1,40.812000,-0.338000,-0.729000,2.200000,-2.250000,0.670000
2,163.676333,524.311000,1,40.812000,-0.338000,-0.729000,2.200000,-2.250000,0.670000
2,124.724047,524.475000,1,40.533001,-0.238000,-0.860000,2.390000,-2.070000,1.170000
2,202.291391,524.600000,1,40.452999,-0.181000,-0.711000,2.120000,-2.220000,1.470000
2,162.403664,524.803000,1,40.400002,-0.166000,-0.742000,2.150000,-2.260000,1.600000
2,142.350812,524.965000,1,40.402000,-0.170000,-1.011000,2.630000,-2.700000,1.550000
2,160.926703,525.108000,1,40.397999,-0.156000,-0.735000,2.000000,-2.190000,1.590000
2,157.201066,525.269000,1,40.397999,-0.156000,-0.735000,2.000000,-2.190000,1.590000
2,164.884978,525.426000,1,40.363998,-0.150000,-0.785000,2.340000,-2.280000,1.480000
2,124.696678,525.591000,1,40.431999,-0.230000,-1.114000,2.210000,-3.710000,1.700000
2,104.903834,525.716000,1,40.354000,-0.157000,-0.826000,2.410000,-2.270000,1.490000
2,185.633791,525.822000,1,40.375000,-0.143000,-0.802000,2.330000,-2.330000,1.460000
2,136.308076,526.007000,1,40.360001,-0.155000,-0.809000,2.460000,-2.300000,1.510000
2,142.266749,526.144000,1,40.361000,-0.153000,-0.805000,2.280000,-2.160000,1.480000
2,162.619197,526.286000,1,40.361000,-0.153000,-0.805000,2.280000,-2.160000,1.480000
2,160.917417,526.449000,1,40.394001,-0.160000,-0.735000,2.190000,-2.300000,1.560000
2,161.076745,526.610000,1,40.370998,-0.154000,-0.795000,2.500000,-2.290000,1.500000
2,252.252952,526.772000,1,40.377998,-0.168000,-0.718000,2.170000,-2.190000,1.610000
2,282.110344,527.024000,1,40.382999,-0.188000,-1.021000,2.290000,-3.180000,1.530000
2,161.089452,527.306000,1,40.360001,-0.153000,-0.799000,2.370000,-2.190000,1.510000
2,167.201589,527.468000,1,40.360001,-0.153000,-0.799000,2.370000,-2.190000,1.510000
2,166.241222,527.635000,1,40.429001,-0.211000,-1.250000,2.820000,-3.670000,1.630000
2,127.242017,527.801000,1,40.368999,-0.146000,-0.775000,2.270000,-2.310000,1.510000
2,144.652760,527.929000,1,40.363998,-0.160000,-0.816000,2.560000,-2.230000,1.490000
2,118.645633,528.074000,1,40.424000,-0.180000,-0.772000,2.420000,-2.150000,1.370000
2,140.948139,528.193000,1,40.537998,-0.291000,-1.008000,2.750000,-2.640000,1.140000
2,163.286811,528.334000,1,40.537998,-0.291000,-1.008000,2.750000,-2.640000,1.140000
2,137.558263,528.497000,1,40.806000,-0.351000,-0.699000,2.370000,-2.220000,0.690000
2,164.788209,528.635000,1,40.838001,-0.354000,-0.764000,2.440000,-2.240000,0.430000
2,162.374340,528.800000,1,40.844002,-0.355000,-0.761000,2.500000,-2.230000,0.440000
2,139.826000,528.963000,1,40.844002,-0.355000,-0.761000,2.500000,-2.230000,0.440000
2,134.748030,529.103000,1,40.808998,-0.343000,-0.774000,2.590000,-2.110000,0.530000
2,194.830343,529.238000,1,40.911999,-0.376000,-1.125000,2.420000,-3.950000,0.680000
2,213.381308,529.433000,1,40.860001,-0.384000,-0.905000,2.270000,-3.060000,0.690000
2,161.057684,529.646000,1,40.819000,-0.366000,-0.712000,2.590000,-2.000000,0.670000
2,181.034293,529.807000,1,40.799000,-0.345000,-0.800000,2.500000,-2.110000,0.510000
2,123.638075,529.989000,1,40.796001,-0.360000,-0.801000,2.770000,-2.000000,0.490000
2,162.297608,530.113000,1,40.834999,-0.348000,-0.685000,2.210000,-2.210000,0.560000
2,165.964108,530.275000,1,40.855999,-0.344000,-0.674000,2.290000,-2.320000,0.670000
2,124.904391,530.441000,1,40.852001,-0.342000,-0.676000,2.330000,-2.300000,0.620000
2,148.938978,530.566000,1,40.828999,-0.343000,-0.988000,2.700000,-3.030000,0.500000
2,145.295937,530.715000,1,40.793999,-0.345000,-0.775000,2.400000,-2.100000,0.570000
2,122.530110,530.861000,1,40.818001,-0.361000,-0.720000,2.350000,-2.090000,0.640000
2,139.810849,530.984000,1,40.799000,-0.335000,-0.776000,2.300000,-2.140000,0.520000
2,143.537464,531.124000,1,40.833000,-0.370000,-0.983000,2.130000,-2.990000,0.520000
2,164.825353,531.267000,1,40.842999,-0.354000,-0.694000,2.130000,-2.270000,0.660000
2,168.517756,531.432000,1,40.837002,-0.356000,-0.685000,2.250000,-2.160000,0.600000
2,147.298290,531.601000,1,40.751999,-0.341000,-0.999000,2.280000,-3.030000,0.720000
2,121.048750,531.749000,1,40.606998,-0.254000,-0.711000,2.120000,-2.070000,1.090000
2,198.620982,531.870000,1,40.426998,-0.184000,-0.795000,2.340000,-2.100000,1.350000
2,164.736891,532.069000,1,40.387001,-0.164000,-0.793000,2.480000,-2.290000,1.440000
2,144.739266,532.234000,1,40.389999,-0.192000,-1.011000,2.230000,-3.100000,1.570000
2,163.446139,532.379000,1,40.379002,-0.149000,-0.760000,2.310000,-2.320000,1.470000
2,116.230298,532.542000,1,40.396999,-0.155000,-0.703000,2.310000,-2.320000,1.580000
2,182.238539,532.659000,1,40.433998,-0.188000,-0.903000,2.150000,-3.130000,1.700000
2,147.363292,532.841000,1,40.408001,-0.225000,-1.153000,2.520000,-3.780000,1.640000
2,164.486658,532.989000,1,40.358002,-0.207000,-1.012000,2.480000,-2.780000,1.590000
2,140.084542,533.154000,1,40.382000,-0.190000,-1.035000,2.210000,-3.160000,1.510000
2,150.891480,533.294000,1,40.382000,-0.190000,-1.035000,2.210000,-3.160000,1.510000
2,158.735698,533.445000,1,40.394001,-0.182000,-0.995000,2.220000,-3.020000,1.490000
2,160.833354,533.604000,1,40.391998,-0.160000,-0.725000,2.170000,-2.210000,1.630000
2,148.716114,533.765000,1,40.374001,-0.147000,-0.765000,2.400000,-2.210000,1.500000
2,123.361939,533.914000,1,40.375000,-0.140000,-0.706000,2.040000,-1.980000,1.530000
2,161.191598,534.037000,1,40.375000,-0.140000,-0.706000,2.040000,-1.980000,1.530000
2,141.059082,534.199000,1,40.344002,-0.164000,-0.756000,2.640000,-1.850000,1.550000
2,157.044181,534.340000,1,40.389000,-0.159000,-0.667000,2.410000,-1.730000,1.660000
2,166.118549,534.497000,1,40.433998,-0.192000,-0.886000,1.990000,-3.220000,1.610000
2,170.321193,534.664000,1,40.352001,-0.155000,-0.807000,2.380000,-2.150000,1.500000
2,161.693041,534.834000,1,40.331001,-0.171000,-0.799000,2.650000,-1.910000,1.530000
2,158.608138,534.996000,1,40.363998,-0.146000,-0.760000,2.230000,-2.220000,1.510000
2,144.984612,535.155000,1,40.382000,-0.172000,-0.801000,2.350000,-2.070000,1.480000
2,138.059707,535.300000,1,40.382000,-0.172000,-0.801000,2.350000,-2.070000,1.480000
2,183.848926,535.438000,1,40.382000,-0.172000,-0.801000,2.350000,-2.070000,1.480000
2,148.100306,535.622000,1,40.382000,-0.172000,-0.801000,2.350000,-2.070000,1.480000
2,161.450628,535.771000,1,40.887001,-0.356000,-0.663000,2.220000,-2.270000,0.510000
2,101.231958,535.932000,1,40.876999,-0.370000,-0.657000,2.220000,-2.330000,0.530000
2,140.823511,536.034000,1,40.808998,-0.339000,-0.760000,2.340000,-2.210000,0.490000
2,142.389911,536.175000,1,40.777000,-0.357000,-0.766000,2.710000,-1.960000,0.540000
2,161.010277,536.317000,1,40.777000,-0.357000,-0.766000,2.710000,-1.960000,0.540000
2,167.376067,536.479000,1,40.847000,-0.321000,-0.938000,2.500000,-3.280000,0.420000
2,127.275251,536.646000,1,40.847000,-0.321000,-0.938000,2.500000,-3.280000,0.420000
2,119.635324,536.774000,1,40.847000,-0.321000,-0.938000,2.500000,-3.280000,0.420000
2,121.014050,536.893000,1,40.847000,-0.321000,-0.938000,2.500000,-3.280000,0.420000
2,135.178118,537.015000,1,40.787998,-0.348000,-0.787000,2.390000,-2.030000,0.550000
2,144.369293,537.150000,1,40.787998,-0.348000,-0.787000,2.390000,-2.030000,0.550000
2,141.103068,537.295000,1,40.787998,-0.348000,-0.787000,2.390000,-2.030000,0.550000
2,119.593293,537.436000,1,40.787998,-0.348000,-0.787000,2.390000,-2.030000,0.550000
2,222.544137,537.556000,1,40.825001,-0.368000,-0.987000,2.240000,-3.090000,0.570000
2,288.553355,537.778000,1,40.799999,-0.347000,-0.809000,2.560000,-2.040000,0.590000
2,119.847925,538.067000,1,40.799999,-0.347000,-0.809000,2.560000,-2.040000,0.590000
2,142.190506,538.187000,1,40.823002,-0.359000,-0.732000,2.470000,-2.060000,0.700000
2,147.260657,538.330000,1,40.834999,-0.351000,-0.692000,2.240000,-2.210000,0.600000
2,196.050717,538.477000,1,40.834999,-0.351000,-0.692000,2.240000,-2.210000,0.600000
2,2602.340656,538.674000,1,40.834999,-0.351000,-0.692000,2.240000,-2.210000,0.600000
2,6416.988377,541.277000,1,40.491001,-0.218000,-0.749000,2.200000,-2.050000,1.310000
2,373.533363,547.694000,1,40.491001,-0.218000,-0.749000,2.200000,-2.050000,1.310000
2,545.581750,548.068000,1,40.491001,-0.218000,-0.749000,2.200000,-2.050000,1.310000
2,15.565764,548.613000,1,40.830002,-0.366000,-1.051000,2.110000,-3.040000,0.530000
2,449.458553,548.629000,1,40.830002,-0.366000,-1.051000,2.110000,-3.040000,0.530000
2,267.395470,549.079000,1,40.823002,-0.378000,-1.048000,2.130000,-3.100000,0.540000
2,3.430929,549.346000,1,40.825001,-0.351000,-1.027000,2.420000,-3.160000,0.460000
2,330.178052,549.350000,1,40.827999,-0.348000,-1.018000,2.020000,-2.940000,0.540000
2,416.965895,549.680000,1,40.773998,-0.359000,-0.831000,2.310000,-2.110000,0.560000
2,289.763466,550.097000,1,40.773998,-0.359000,-0.831000,2.310000,-2.110000,0.560000
2,386.139340,550.387000,1,40.831001,-0.367000,-1.052000,2.290000,-3.180000,0.500000
2,366.382173,550.774000,1,40.831001,-0.367000,-1.052000,2.290000,-3.180000,0.500000
2,23.492578,551.140000,1,40.831001,-0.367000,-1.052000,2.290000,-3.180000,0.500000
2,363.381332,551.164000,1,40.831001,-0.367000,-1.052000,2.290000,-3.180000,0.500000
2,237.331832,551.528000,1,40.831001,-0.367000,-1.052000,2.290000,-3.180000,0.500000
2,334.895335,551.765000,1,40.820000,-0.383000,-1.038000,2.120000,-2.940000,0.530000
2,303.549741,552.100000,1,40.873001,-0.378000,-0.994000,1.800000,-3.320000,0.610000
2,1347.180211,552.404000,1,40.873001,-0.378000,-0.994000,1.800000,-3.320000,0.610000
2,2961.142529,553.751000,1,40.866001,-0.385000,-0.943000,1.970000,-3.140000,0.670000
2,335.979841,556.714000,1,40.807999,-0.400000,-1.041000,2.410000,-2.860000,0.580000
2,542.122963,557.050000,1,40.835999,-0.371000,-1.001000,2.180000,-3.100000,0.530000
2,204.592362,557.592000,1,40.792000,-0.348000,-0.801000,2.290000,-2.170000,0.500000
2,266.080770,557.797000,1,40.888000,-0.372000,-1.144000,1.990000,-4.240000,0.580000
2,243.612583,558.063000,1,40.794998,-0.350000,-0.790000,2.370000,-2.180000,0.520000
2,197.261806,558.307000,1,40.804001,-0.376000,-0.977000,1.950000,-2.660000,0.640000
2,313.918771,558.504000,1,40.828999,-0.345000,-1.005000,2.530000,-3.110000,0.490000
2,1032.324044,558.819000,1,40.819000,-0.377000,-1.030000,2.210000,-3.080000,0.580000
2,263.310123,559.851000,1,40.821999,-0.382000,-1.017000,2.240000,-3.110000,0.540000
2,11.368007,560.115000,1,40.821999,-0.382000,-1.017000,2.240000,-3.110000,0.540000
2,241.907382,560.126000,1,40.821999,-0.382000,-1.017000,2.240000,-3.110000,0.540000
2,203.331422,560.368000,1,40.816002,-0.391000,-1.018000,2.340000,-3.120000,0.510000
2,123.709431,560.572000,1,40.813000,-0.368000,-0.965000,1.970000,-3.300000,0.730000
2,139.597760,560.696000,1,40.813000,-0.368000,-0.965000,1.970000,-3.300000,0.730000
2,142.486192,560.835000,1,40.386002,-0.189000,-1.011000,2.040000,-3.070000,1.490000
2,143.441672,560.978000,1,40.394001,-0.163000,-0.723000,2.010000,-2.360000,1.550000
2,119.788788,561.122000,1,40.381001,-0.182000,-1.019000,2.110000,-3.080000,1.540000
2,3.428974,561.242000,1,40.359001,-0.158000,-0.807000,2.330000,-2.310000,1.460000
2,227.364054,561.245000,1,40.382000,-0.192000,-1.042000,2.050000,-3.160000,1.540000
2,163.671935,561.473000,1,40.354000,-0.158000,-0.802000,2.290000,-2.340000,1.490000
2,144.555502,561.637000,1,40.353001,-0.162000,-0.803000,2.380000,-2.380000,1.490000
2,5.316474,561.782000,1,40.411999,-0.198000,-0.955000,1.910000,-3.150000,1.580000
2,145.831592,561.787000,1,40.404999,-0.196000,-0.936000,1.950000,-3.120000,1.640000
2,141.029758,561.933000,1,40.341000,-0.175000,-0.831000,2.410000,-2.270000,1.530000
2,143.656227,562.074000,1,40.375999,-0.201000,-1.059000,2.080000,-3.100000,1.530000
2,137.177049,562.218000,1,40.375999,-0.201000,-1.059000,2.080000,-3.100000,1.530000
2,141.199838,562.356000,1,40.375999,-0.201000,-1.059000,2.080000,-3.100000,1.530000
2,161.057684,562.497000,1,40.382999,-0.192000,-1.041000,2.080000,-3.080000,1.500000
2,150.857757,562.658000,1,40.362000,-0.182000,-0.742000,2.350000,-2.060000,1.590000
2,101.267635,562.809000,1,40.354000,-0.157000,-0.794000,2.240000,-2.270000,1.500000
2,142.089338,562.911000,1,40.375000,-0.200000,-1.026000,2.200000,-2.990000,1.530000
2,147.383819,563.053000,1,40.382000,-0.193000,-1.037000,2.080000,-3.100000,1.520000
2,201.177073,563.201000,1,40.360001,-0.164000,-0.814000,2.370000,-2.250000,1.470000
2,138.090986,563.402000,1,40.375000,-0.182000,-0.737000,2.200000,-2.200000,1.610000
2,158.845663,563.540000,1,40.421001,-0.195000,-0.953000,1.850000,-3.100000,1.590000
2,168.593510,563.699000,1,40.355999,-0.159000,-0.793000,2.380000,-2.370000,1.510000
2,219.664502,563.868000,1,40.401001,-0.155000,-0.692000,2.050000,-2.390000,1.560000
2,81.116059,564.088000,1,40.401001,-0.155000,-0.692000,2.050000,-2.390000,1.560000
2,142.318067,564.169000,1,40.401001,-0.155000,-0.692000,2.050000,-2.390000,1.560000
2,123.436716,564.312000,1,40.341999,-0.169000,-0.782000,2.290000,-2.160000,1.510000
2,131.037055,564.436000,1,40.341999,-0.169000,-0.782000,2.290000,-2.160000,1.510000
2,171.153511,564.567000,1,40.459000,-0.217000,-0.755000,2.490000,-2.120000,1.260000
2,100.935783,564.738000,1,40.629002,-0.306000,-0.993000,2.210000,-2.990000,0.950000
2,142.426077,564.839000,1,40.770000,-0.317000,-0.666000,2.120000,-2.190000,0.770000
2,122.283787,564.982000,1,40.832001,-0.365000,-0.663000,2.230000,-2.160000,0.620000
2,254.664377,565.104000,1,40.882000,-0.378000,-0.651000,2.230000,-2.220000,0.460000
2,226.018074,565.359000,1,40.824001,-0.372000,-0.787000,2.370000,-2.050000,0.450000
2,286.059822,565.586000,1,40.831001,-0.357000,-0.666000,2.310000,-2.230000,0.570000
2,158.305121,565.872000,1,40.831001,-0.357000,-0.666000,2.310000,-2.230000,0.570000
2,181.451674,566.030000,1,40.831001,-0.357000,-0.666000,2.310000,-2.230000,0.570000
2,159.621777,566.212000,1,40.831001,-0.357000,-0.666000,2.310000,-2.230000,0.570000
2,183.520006,566.372000,1,40.853001,-0.401000,-0.939000,2.130000,-2.790000,0.680000
2,151.142201,566.556000,1,40.840000,-0.350000,-0.675000,2.210000,-2.180000,0.590000
2,124.737243,566.707000,1,40.812000,-0.340000,-0.738000,2.300000,-2.230000,0.480000
2,164.777456,566.832000,1,40.831001,-0.332000,-0.958000,2.360000,-3.030000,0.420000
2,142.955379,566.997000,1,40.831001,-0.332000,-0.958000,2.360000,-3.030000,0.420000
2,142.852744,567.140000,1,40.831001,-0.332000,-0.958000,2.360000,-3.030000,0.420000
2,122.373225,567.283000,1,40.823002,-0.368000,-0.695000,2.360000,-2.040000,0.610000
2,144.707499,567.406000,1,40.823002,-0.368000,-0.695000,2.360000,-2.040000,0.610000
2,127.476610,567.551000,1,40.823002,-0.368000,-0.695000,2.360000,-2.040000,0.610000
2,153.525280,567.678000,1,40.823002,-0.368000,-0.695000,2.360000,-2.040000,0.610000
2,142.258930,567.832000,1,40.823002,-0.368000,-0.695000,2.360000,-2.040000,0.610000
2,122.276456,567.974000,1,40.827000,-0.380000,-1.001000,2.160000,-3.060000,0.530000
2,143.232492,568.097000,1,40.827000,-0.380000,-1.001000,2.160000,-3.060000,0.530000
2,93.818805,568.240000,1,40.827000,-0.380000,-1.001000,2.160000,-3.060000,0.530000
2,139.812315,568.334000,1,40.827000,-0.380000,-1.001000,2.160000,-3.060000,0.530000
2,123.502695,568.474000,1,40.827000,-0.380000,-1.001000,2.160000,-3.060000,0.530000
2,122.267658,568.598000,1,40.827000,-0.380000,-1.001000,2.160000,-3.060000,0.530000
2,223.588077,568.721000,1,40.827000,-0.380000,-1.001000,2.160000,-3.060000,0.530000
2,267.300655,568.944000,1,40.827000,-0.380000,-1.001000,2.160000,-3.060000,0.530000
2,280.987717,569.212000,1,40.833000,-0.379000,-1.004000,2.130000,-3.170000,0.510000
2,224.886161,569.493000,1,40.816002,-0.363000,-0.709000,2.340000,-2.120000,0.650000
2,419.719925,569.718000,1,40.841999,-0.380000,-1.022000,2.130000,-3.180000,0.520000
2,124.689836,570.138000,1,40.841999,-0.380000,-1.022000,2.130000,-3.180000,0.520000
2,129.956947,570.263000,1,40.615002,-0.268000,-0.782000,2.340000,-2.320000,0.890000
2,140.957425,570.393000,1,40.615002,-0.268000,-0.782000,2.340000,-2.320000,0.890000
2,122.168445,570.534000,1,40.453999,-0.188000,-0.703000,2.070000,-2.360000,1.420000
2,166.068698,570.657000,1,40.394001,-0.189000,-0.992000,2.020000,-3.080000,1.500000
2,193.575268,570.823000,1,40.417999,-0.198000,-0.961000,1.990000,-3.380000,1.610000
2,418.755648,571.017000,1,40.382999,-0.170000,-0.718000,2.140000,-2.430000,1.520000
2,164.561435,571.436000,1,40.360001,-0.164000,-0.786000,2.410000,-2.470000,1.440000
2,123.515402,571.600000,1,40.384998,-0.172000,-0.681000,2.090000,-2.270000,1.590000
2,123.565742,571.724000,1,40.388000,-0.189000,-0.999000,2.050000,-3.110000,1.480000
2,158.776263,571.848000,1,40.359001,-0.177000,-0.769000,2.180000,-2.190000,1.590000
2,102.056456,572.007000,1,40.353001,-0.165000,-0.795000,2.310000,-2.170000,1.500000
2,141.183221,572.109000,1,40.390999,-0.195000,-0.993000,2.140000,-3.120000,1.520000
2,126.096908,572.250000,1,40.388000,-0.165000,-0.713000,2.160000,-2.350000,1.560000
2,123.443558,572.377000,1,40.389000,-0.213000,-0.939000,2.170000,-2.910000,1.640000
2,143.630324,572.500000,1,40.407001,-0.204000,-0.928000,1.870000,-3.120000,1.580000
2,140.858700,572.644000,1,40.386002,-0.165000,-0.720000,2.170000,-2.340000,1.560000
2,243.508482,572.785000,1,40.374001,-0.195000,-1.008000,2.040000,-3.020000,1.530000
2,141.202282,573.029000,1,40.348999,-0.159000,-0.780000,2.240000,-2.130000,1.490000
2,168.462528,573.170000,1,40.373001,-0.172000,-0.734000,2.140000,-2.220000,1.570000
2,138.216103,573.339000,1,40.368000,-0.201000,-1.030000,2.120000,-3.070000,1.530000
2,162.745291,573.478000,1,40.366001,-0.156000,-0.752000,2.150000,-2.330000,1.470000
2,164.654784,573.641000,1,40.382999,-0.166000,-0.709000,2.030000,-2.370000,1.590000
2,120.955401,573.806000,1,40.394001,-0.213000,-0.947000,2.180000,-3.010000,1.610000
2,144.787651,573.927000,1,40.351002,-0.162000,-0.803000,2.270000,-2.290000,1.510000
2,132.519881,574.072000,1,40.396000,-0.189000,-1.000000,2.060000,-3.210000,1.470000
2,158.289481,574.205000,1,40.360001,-0.160000,-0.783000,2.220000,-2.270000,1.470000
2,126.105216,574.364000,1,40.360001,-0.160000,-0.783000,2.220000,-2.270000,1.470000
2,142.341526,574.490000,1,40.560001,-0.236000,-0.740000,2.330000,-2.350000,1.060000
2,180.883762,574.633000,1,40.758999,-0.367000,-0.943000,2.090000,-3.020000,0.800000
2,146.305178,574.814000,1,40.833000,-0.373000,-0.915000,2.670000,-2.920000,0.560000
2,143.460732,574.960000,1,40.833000,-0.373000,-0.915000,2.670000,-2.920000,0.560000
2,183.455493,575.104000,1,40.838001,-0.363000,-0.777000,2.210000,-2.140000,0.410000
2,143.583405,575.287000,1,40.846001,-0.365000,-0.709000,2.160000,-2.340000,0.570000
2,177.425953,575.431000,1,40.828999,-0.362000,-0.720000,2.080000,-2.300000,0.560000
2,98.429055,575.609000,1,40.831001,-0.383000,-0.997000,2.130000,-2.980000,0.500000
2,127.374464,575.708000,1,40.844002,-0.354000,-0.699000,2.150000,-2.320000,0.590000
2,142.273592,575.835000,1,40.790001,-0.365000,-0.823000,2.400000,-2.240000,0.540000
2,144.724116,575.978000,1,40.837002,-0.362000,-0.712000,2.180000,-2.320000,0.600000
2,127.327546,576.122000,1,40.818001,-0.364000,-0.724000,2.150000,-2.200000,0.600000
2,121.042396,576.250000,1,40.818001,-0.364000,-0.724000,2.150000,-2.200000,0.600000
2,142.345925,576.371000,1,40.827000,-0.387000,-1.036000,2.180000,-2.990000,0.510000
2,183.498013,576.514000,1,40.782001,-0.369000,-0.807000,2.400000,-2.110000,0.500000
2,177.818408,576.697000,1,40.782001,-0.369000,-0.807000,2.400000,-2.110000,0.500000
2,139.189665,576.876000,1,40.782001,-0.369000,-0.807000,2.400000,-2.110000,0.500000
2,143.574119,577.015000,1,40.813000,-0.399000,-1.031000,2.380000,-2.810000,0.540000
2,164.681175,577.159000,1,40.813000,-0.399000,-1.031000,2.380000,-2.810000,0.540000
2,122.318976,577.324000,1,40.813000,-0.399000,-1.031000,2.380000,-2.810000,0.540000
2,182.248803,577.446000,1,40.845001,-0.348000,-0.697000,2.010000,-2.400000,0.550000
2,141.020960,577.629000,1,40.845001,-0.348000,-0.697000,2.010000,-2.400000,0.550000
2,169.637450,577.770000,1,40.806999,-0.349000,-0.785000,2.330000,-2.230000,0.470000
2,161.347993,577.940000,1,40.790001,-0.353000,-0.801000,2.230000,-2.010000,0.550000
2,140.943740,578.101000,1,40.835999,-0.386000,-0.993000,2.150000,-3.130000,0.470000
2,124.734799,578.242000,1,40.835999,-0.386000,-0.993000,2.150000,-3.130000,0.470000
2,161.048887,578.367000,1,40.801998,-0.350000,-0.782000,2.330000,-2.240000,0.490000
2,122.416723,578.529000,1,40.801998,-0.350000,-0.782000,2.330000,-2.240000,0.490000
2,122.175776,578.651000,1,40.834000,-0.381000,-1.024000,2.140000,-3.110000,0.510000
2,147.315396,578.774000,1,40.803001,-0.354000,-0.801000,2.370000,-2.310000,0.490000
2,176.069709,578.921000,1,40.799000,-0.352000,-0.795000,2.320000,-2.230000,0.490000
2,163.593737,579.097000,1,40.813000,-0.392000,-1.045000,2.140000,-2.930000,0.560000
2,177.159591,579.261000,1,40.856998,-0.399000,-0.978000,1.850000,-3.300000,0.610000
2,117.291834,579.438000,1,40.818001,-0.397000,-1.059000,2.190000,-2.960000,0.550000
2,124.839878,579.556000,1,40.818001,-0.397000,-1.059000,2.190000,-2.960000,0.550000
2,138.536714,579.681000,1,40.792999,-0.351000,-0.806000,2.300000,-2.190000,0.470000
2,121.146009,579.820000,1,40.792999,-0.351000,-0.806000,2.300000,-2.190000,0.470000
2,143.083428,579.941000,1,40.720001,-0.335000,-0.952000,1.760000,-3.010000,0.920000
2,293.836106,580.084000,1,40.556999,-0.266000,-1.028000,2.070000,-3.010000,1.080000
2,183.563015,580.378000,1,40.387001,-0.200000,-0.838000,2.350000,-2.230000,1.380000
2,301.071848,580.562000,1,40.362000,-0.167000,-0.777000,2.240000,-2.370000,1.450000
2,204.840151,580.864000,1,40.354000,-0.173000,-0.820000,2.390000,-2.320000,1.460000
2,158.507947,581.069000,1,40.393002,-0.178000,-0.728000,2.090000,-2.400000,1.560000
2,143.457311,581.227000,1,40.335999,-0.179000,-0.821000,2.370000,-2.090000,1.500000
2,184.441274,581.371000,1,40.405998,-0.212000,-0.962000,1.890000,-3.120000,1.580000
2,206.720809,581.556000,1,40.405998,-0.212000,-0.962000,1.890000,-3.120000,1.580000
2,152.838116,581.763000,1,40.362000,-0.167000,-0.812000,2.290000,-2.330000,1.450000
2,248.153921,581.916000,1,40.362000,-0.167000,-0.812000,2.290000,-2.330000,1.450000
2,204.332843,582.164000,1,40.387001,-0.195000,-1.024000,2.090000,-3.150000,1.490000
2,291.137304,582.368000,1,40.387001,-0.195000,-1.024000,2.090000,-3.150000,1.490000
2,307.084282,582.660000,1,40.387001,-0.195000,-1.024000,2.090000,-3.150000,1.490000
2,236.114390,582.967000,1,40.387001,-0.195000,-1.024000,2.090000,-3.150000,1.490000
2,185.747666,583.203000,1,40.362000,-0.167000,-0.806000,2.360000,-2.390000,1.450000
2,280.133894,583.389000,1,40.411999,-0.209000,-0.935000,1.840000,-3.100000,1.610000
2,199.741654,583.670000,1,40.381001,-0.174000,-0.758000,1.980000,-2.140000,1.550000
2,148.521108,583.870000,1,40.387001,-0.202000,-1.022000,2.150000,-3.100000,1.510000
2,174.990580,584.018000,1,40.403999,-0.217000,-0.951000,1.990000,-3.050000,1.600000
2,218.040431,584.194000,1,40.391998,-0.199000,-1.038000,2.200000,-3.150000,1.470000
2,402.676711,584.412000,1,40.417999,-0.200000,-0.949000,1.860000,-3.120000,1.550000
2,219.689428,584.815000,1,40.384998,-0.160000,-0.724000,2.060000,-2.420000,1.530000
2,263.513926,585.035000,1,40.368999,-0.181000,-0.742000,2.180000,-2.240000,1.590000
2,9161.263931,585.298000,1,40.415001,-0.201000,-0.944000,1.960000,-3.260000,1.530000
2,409.768275,594.460000,1,40.415001,-0.201000,-0.944000,1.960000,-3.260000,1.530000
2,307.112629,594.870000,1,40.415001,-0.201000,-0.944000,1.960000,-3.260000,1.530000
2,141.037577,595.178000,1,40.415001,-0.201000,-0.944000,1.960000,-3.260000,1.530000
2,142.284833,595.319000,1,40.415001,-0.201000,-0.944000,1.960000,-3.260000,1.530000
2,121.135745,595.461000,1,40.415001,-0.201000,-0.944000,1.960000,-3.260000,1.530000
2,199.392207,595.583000,1,40.415001,-0.201000,-0.944000,1.960000,-3.260000,1.530000
2,137.456118,595.782000,1,40.820999,-0.360000,-0.659000,2.040000,-2.170000,0.590000
2,183.723320,595.920000,1,40.820999,-0.360000,-0.659000,2.040000,-2.170000,0.590000
2,162.117753,596.104000,1,40.820999,-0.360000,-0.659000,2.040000,-2.170000,0.590000
2,166.050615,596.266000,1,40.820999,-0.360000,-0.659000,2.040000,-2.170000,0.590000
2,119.970109,596.433000,1,40.820999,-0.360000,-0.659000,2.040000,-2.170000,0.590000
2,189.733311,596.553000,1,40.801998,-0.354000,-0.741000,2.400000,-2.290000,0.480000
2,203.413041,596.743000,1,40.801998,-0.354000,-0.741000,2.400000,-2.290000,0.480000
2,145.770500,596.946000,1,40.801998,-0.354000,-0.741000,2.400000,-2.290000,0.480000
2,177.587236,597.092000,1,40.801998,-0.354000,-0.741000,2.400000,-2.290000,0.480000
2,166.541306,597.270000,1,40.841000,-0.405000,-0.904000,1.980000,-3.100000,0.640000
2,242.296416,597.437000,1,40.841000,-0.405000,-0.904000,1.980000,-3.100000,0.640000
2,143.161626,597.679000,1,40.830002,-0.368000,-0.668000,2.150000,-2.320000,0.620000
2,147.097908,597.823000,1,40.830002,-0.368000,-0.668000,2.150000,-2.320000,0.620000
2,158.591521,597.970000,1,40.779999,-0.366000,-0.797000,2.360000,-2.170000,0.520000
2,102.636097,598.129000,1,40.812000,-0.375000,-0.710000,2.130000,-2.350000,0.630000
2,181.974622,598.232000,1,40.812000,-0.375000,-0.710000,2.130000,-2.350000,0.630000
2,221.098454,598.414000,1,40.812000,-0.375000,-0.710000,2.130000,-2.350000,0.630000
2,144.657648,598.635000,1,40.812000,-0.375000,-0.710000,2.130000,-2.350000,0.630000
2,138.740028,598.780000,1,40.812000,-0.375000,-0.710000,2.130000,-2.350000,0.630000
2,179.617447,598.919000,1,40.868999,-0.399000,-0.888000,1.960000,-3.310000,0.620000
2,144.857052,599.099000,1,40.868999,-0.399000,-0.888000,1.960000,-3.310000,0.620000
2,175.932375,599.244000,1,40.868999,-0.399000,-0.888000,1.960000,-3.310000,0.620000
2,129.850891,599.420000,1,40.868999,-0.399000,-0.888000,1.960000,-3.310000,0.620000
2,163.583473,599.550000,1,40.868999,-0.399000,-0.888000,1.960000,-3.310000,0.620000
2,130.961789,599.714000,1,40.868999,-0.399000,-0.888000,1.960000,-3.310000,0.620000
2,164.990057,599.845000,1,40.868999,-0.399000,-0.888000,1.960000,-3.310000,0.620000
2,119.751155,600.010000,1,40.868999,-0.399000,-0.888000,1.960000,-3.310000,0.620000
2,143.548216,600.130000,1,40.806000,-0.386000,-0.956000,1.950000,-2.860000,0.620000
2,144.159625,600.274000,1,40.806000,-0.386000,-0.956000,1.950000,-2.860000,0.620000
2,123.703566,600.418000,1,40.806000,-0.386000,-0.956000,1.950000,-2.860000,0.620000
2,118.894400,600.542000,1,40.806000,-0.386000,-0.956000,1.950000,-2.860000,0.620000
2,143.364940,600.661000,1,40.806000,-0.391000,-0.970000,2.340000,-2.990000,0.580000
2,142.576608,600.805000,1,40.806000,-0.391000,-0.970000,2.340000,-2.990000,0.580000
2,136.105250,600.948000,1,40.799000,-0.403000,-1.006000,2.460000,-2.930000,0.560000
2,309.537739,601.084000,1,40.799000,-0.403000,-1.006000,2.460000,-2.930000,0.560000
2,182.312827,601.394000,1,40.799000,-0.403000,-1.006000,2.460000,-2.930000,0.560000
2,347.303373,601.576000,1,40.799000,-0.403000,-1.006000,2.460000,-2.930000,0.560000
2,188.406881,601.924000,1,40.799000,-0.403000,-1.006000,2.460000,-2.930000,0.560000
2,142.588827,602.112000,1,40.799000,-0.403000,-1.006000,2.460000,-2.930000,0.560000
2,184.750644,602.255000,1,40.799000,-0.403000,-1.006000,2.460000,-2.930000,0.560000
2,602.167155,602.440000,1,40.799000,-0.403000,-1.006000,2.460000,-2.930000,0.560000
2,146.062764,603.042000,1,40.799000,-0.403000,-1.006000,2.460000,-2.930000,0.560000
2,123.574539,603.189000,1,40.799000,-0.403000,-1.006000,2.460000,-2.930000,0.560000
2,164.786254,603.312000,1,40.799000,-0.403000,-1.006000,2.460000,-2.930000,0.560000
2,165.854143,603.477000,1,40.799000,-0.403000,-1.006000,2.460000,-2.930000,0.560000
2,134.989954,603.643000,1,40.799000,-0.403000,-1.006000,2.460000,-2.930000,0.560000
2,167.446934,603.778000,1,40.799000,-0.403000,-1.006000,2.460000,-2.930000,0.560000
2,144.786185,603.946000,1,40.799000,-0.403000,-1.006000,2.460000,-2.930000,0.560000
2,172.190609,604.091000,1,40.799000,-0.403000,-1.006000,2.460000,-2.930000,0.560000
2,126.051944,604.263000,1,40.799000,-0.403000,-1.006000,2.460000,-2.930000,0.560000
2,146.299802,604.390000,1,40.799000,-0.403000,-1.006000,2.460000,-2.930000,0.560000
2,333.325514,604.536000,1,40.849998,-0.404000,-0.903000,2.120000,-3.020000,0.660000
2,207.406017,604.870000,1,40.876999,-0.384000,-1.078000,2.180000,-3.960000,0.540000
2,458.491867,605.077000,1,40.876999,-0.384000,-1.078000,2.180000,-3.960000,0.540000
2,282.274559,605.536000,1,40.832001,-0.344000,-0.945000,2.350000,-3.080000,0.450000
2,233.649204,605.818000,1,40.828999,-0.356000,-0.686000,2.150000,-2.250000,0.590000
2,149.818215,606.052000,1,40.828999,-0.356000,-0.686000,2.150000,-2.250000,0.590000
2,127.182880,606.202000,1,40.828999,-0.356000,-0.686000,2.150000,-2.250000,0.590000
2,142.303893,606.330000,1,40.828999,-0.356000,-0.686000,2.150000,-2.250000,0.590000
2,144.660091,606.472000,1,40.813999,-0.345000,-0.759000,2.230000,-2.320000,0.490000
2,117.558195,606.617000,1,40.841000,-0.366000,-0.961000,2.530000,-2.750000,0.560000
2,178.465984,606.735000,1,40.841000,-0.366000,-0.961000,2.530000,-2.750000,0.560000
2,138.601716,606.913000,1,40.841000,-0.366000,-0.961000,2.530000,-2.750000,0.560000
2,248.638747,607.052000,1,40.858002,-0.406000,-0.911000,2.020000,-3.150000,0.630000
2,127.284048,607.301000,1,40.858002,-0.406000,-0.911000,2.020000,-3.150000,0.630000
2,198.473383,607.428000,1,40.858002,-0.406000,-0.911000,2.020000,-3.150000,0.630000
2,180.217126,607.627000,1,40.841000,-0.359000,-0.680000,2.180000,-2.320000,0.560000
2,119.484794,607.807000,1,40.882000,-0.406000,-1.118000,2.120000,-4.060000,0.560000
2,158.649191,607.927000,1,40.882000,-0.406000,-1.118000,2.120000,-4.060000,0.560000
2,142.118662,608.086000,1,40.825001,-0.373000,-0.727000,2.250000,-2.280000,0.650000
2,118.726275,608.228000,1,40.825001,-0.373000,-0.727000,2.250000,-2.280000,0.650000
2,125.850585,608.347000,1,40.825001,-0.373000,-0.727000,2.250000,-2.280000,0.650000
2,143.717319,608.473000,1,40.825001,-0.373000,-0.727000,2.250000,-2.280000,0.650000
2,173.421247,608.618000,1,40.825001,-0.373000,-0.727000,2.250000,-2.280000,0.650000
2,149.789868,608.792000,1,40.810001,-0.354000,-0.774000,2.370000,-2.460000,0.490000
2,132.382546,608.942000,1,40.810001,-0.354000,-0.774000,2.370000,-2.460000,0.490000
2,126.032883,609.074000,1,40.810001,-0.354000,-0.774000,2.370000,-2.460000,0.490000
2,191.249371,609.201000,1,40.810001,-0.354000,-0.774000,2.370000,-2.460000,0.490000
2,123.361939,609.392000,1,40.810001,-0.354000,-0.774000,2.370000,-2.460000,0.490000
2,183.606513,609.515000,1,40.810001,-0.354000,-0.774000,2.370000,-2.460000,0.490000
2,144.785208,609.699000,1,40.818001,-0.392000,-0.974000,2.240000,-3.070000,0.520000
2,138.548443,609.844000,1,40.839001,-0.360000,-0.671000,2.210000,-2.410000,0.590000
2,129.869952,609.983000,1,40.839001,-0.360000,-0.671000,2.210000,-2.410000,0.590000
2,133.542317,610.113000,1,40.839001,-0.357000,-0.670000,2.110000,-2.380000,0.580000
2,121.042396,610.247000,1,40.839001,-0.357000,-0.670000,2.110000,-2.380000,0.580000
2,182.320158,610.368000,1,40.839001,-0.357000,-0.670000,2.110000,-2.380000,0.580000
2,127.235663,610.551000,1,40.839001,-0.357000,-0.670000,2.110000,-2.380000,0.580000
2,179.872078,610.678000,1,40.839001,-0.357000,-0.670000,2.110000,-2.380000,0.580000
2,144.753440,610.858000,1,40.839001,-0.357000,-0.670000,2.110000,-2.380000,0.580000
2,144.566743,611.003000,1,40.839001,-0.357000,-0.670000,2.110000,-2.380000,0.580000
2,140.211613,611.148000,1,40.834999,-0.355000,-0.689000,2.040000,-2.310000,0.550000
2,185.959778,611.288000,1,40.838001,-0.359000,-0.673000,2.130000,-2.340000,0.580000
2,163.555127,611.474000,1,40.838001,-0.359000,-0.673000,2.130000,-2.340000,0.580000
2,146.094044,611.638000,1,40.838001,-0.359000,-0.673000,2.130000,-2.340000,0.580000
2,163.541931,611.784000,1,40.853001,-0.351000,-0.870000,2.350000,-3.160000,0.530000
2,143.185574,611.948000,1,40.853001,-0.351000,-0.870000,2.350000,-3.160000,0.530000
2,137.741051,612.091000,1,40.853001,-0.351000,-0.870000,2.350000,-3.160000,0.530000
2,197.300905,612.229000,1,40.828999,-0.351000,-0.651000,2.130000,-2.350000,0.570000
2,213.682369,612.427000,1,40.853001,-0.359000,-0.874000,2.260000,-3.150000,0.510000
2,159.655011,612.641000,1,40.853001,-0.359000,-0.874000,2.260000,-3.150000,0.510000
2,143.563856,612.800000,1,40.853001,-0.359000,-0.874000,2.260000,-3.150000,0.510000
2,118.544465,612.944000,1,40.853001,-0.359000,-0.874000,2.260000,-3.150000,0.510000
2,142.329796,613.063000,1,40.853001,-0.359000,-0.874000,2.260000,-3.150000,0.510000
2,138.603182,613.205000,1,40.853001,-0.359000,-0.874000,2.260000,-3.150000,0.510000
2,125.819305,613.344000,1,40.853001,-0.359000,-0.874000,2.260000,-3.150000,0.510000
2,143.832661,613.470000,1,40.853001,-0.359000,-0.874000,2.260000,-3.150000,0.510000
2,137.337355,613.614000,1,40.866001,-0.383000,-0.903000,1.920000,-3.170000,0.600000
2,168.574938,613.752000,1,40.866001,-0.383000,-0.903000,1.920000,-3.170000,0.600000
2,1428.153070,613.920000,1,40.825001,-0.355000,-0.706000,1.920000,-2.270000,0.640000
2,328.953278,615.349000,1,40.806999,-0.403000,-0.999000,2.300000,-3.090000,0.550000
2,283.537943,615.678000,1,40.806000,-0.342000,-0.737000,2.250000,-2.260000,0.500000
2,403.580385,615.961000,1,40.782001,-0.363000,-0.786000,2.210000,-2.260000,0.540000
2,597.824732,616.365000,1,40.810001,-0.349000,-0.750000,2.370000,-2.360000,0.490000
2,179.250894,616.963000,1,40.812000,-0.382000,-1.007000,1.810000,-2.860000,0.550000
2,203.537180,617.143000,1,40.799999,-0.351000,-0.754000,2.340000,-2.190000,0.470000
2,143.633745,617.346000,1,40.799999,-0.351000,-0.754000,2.340000,-2.190000,0.470000
2,139.766374,617.490000,1,40.797001,-0.358000,-0.761000,2.420000,-2.270000,0.490000
2,137.272841,617.630000,1,40.797001,-0.358000,-0.761000,2.420000,-2.270000,0.490000
2,142.403596,617.768000,1,40.796001,-0.351000,-0.759000,2.330000,-2.290000,0.500000
2,140.789788,617.910000,1,40.796001,-0.351000,-0.759000,2.330000,-2.290000,0.500000
2,158.858371,618.051000,1,40.796001,-0.351000,-0.759000,2.330000,-2.290000,0.500000
2,187.256884,618.210000,1,40.796001,-0.351000,-0.759000,2.330000,-2.290000,0.500000
2,182.377829,618.398000,1,40.852001,-0.399000,-0.918000,2.070000,-3.100000,0.590000
2,159.777684,618.580000,1,40.833000,-0.364000,-0.702000,2.200000,-2.250000,0.610000
2,158.570994,618.740000,1,40.833000,-0.364000,-0.702000,2.200000,-2.250000,0.610000
2,137.286037,618.899000,1,40.833000,-0.364000,-0.702000,2.200000,-2.250000,0.610000
2,163.598136,619.036000,1,40.833000,-0.364000,-0.702000,2.200000,-2.250000,0.610000
2,137.293857,619.200000,1,40.787998,-0.365000,-0.794000,2.410000,-2.380000,0.510000
2,141.021938,619.338000,1,40.787998,-0.365000,-0.794000,2.410000,-2.380000,0.510000
2,143.569720,619.479000,1,40.787998,-0.365000,-0.794000,2.410000,-2.380000,0.510000
2,178.638508,619.623000,1,40.820999,-0.372000,-0.693000,2.180000,-2.310000,0.620000
2,143.590247,619.801000,1,40.807999,-0.393000,-1.032000,2.220000,-2.910000,0.560000
2,143.484680,619.945000,1,40.807999,-0.393000,-1.032000,2.220000,-2.910000,0.560000
2,146.503116,620.089000,1,40.807999,-0.393000,-1.032000,2.220000,-2.910000,0.560000
2,157.863792,620.236000,1,40.807999,-0.393000,-1.032000,2.220000,-2.910000,0.560000
2,161.330888,620.394000,1,40.832001,-0.382000,-0.975000,2.230000,-3.120000,0.510000
2,145.994341,620.555000,1,40.832001,-0.382000,-0.975000,2.230000,-3.120000,0.510000
2,146.065697,620.701000,1,40.832001,-0.382000,-0.975000,2.230000,-3.120000,0.510000
2,186.071210,620.848000,1,40.832001,-0.382000,-0.975000,2.230000,-3.120000,0.510000
2,118.509276,621.034000,1,40.832001,-0.382000,-0.975000,2.230000,-3.120000,0.510000
2,164.958778,621.153000,1,40.821999,-0.363000,-0.731000,1.970000,-2.300000,0.650000
2,159.672605,621.318000,1,40.821999,-0.363000,-0.731000,1.970000,-2.300000,0.650000
2,151.125095,621.478000,1,40.821999,-0.363000,-0.731000,1.970000,-2.300000,0.650000
2,136.002127,621.629000,1,40.821999,-0.363000,-0.731000,1.970000,-2.300000,0.650000
2,182.301098,621.765000,1,40.821999,-0.363000,-0.731000,1.970000,-2.300000,0.650000
2,207.359099,621.947000,1,40.821999,-0.363000,-0.731000,1.970000,-2.300000,0.650000
2,144.790095,622.155000,1,40.823002,-0.372000,-0.697000,2.260000,-2.230000,0.580000
2,186.083917,622.300000,1,40.823002,-0.372000,-0.697000,2.260000,-2.230000,0.580000
2,209.800337,622.486000,1,40.824001,-0.393000,-1.000000,2.390000,-3.140000,0.490000
2,148.556786,622.696000,1,40.824001,-0.393000,-1.000000,2.390000,-3.140000,0.490000
2,269.824490,622.845000,1,40.779999,-0.369000,-0.805000,2.470000,-2.110000,0.510000
2,263.906382,623.115000,1,40.868000,-0.392000,-0.905000,1.970000,-3.260000,0.580000
2,118.223365,623.379000,1,40.839001,-0.420000,-0.973000,2.130000,-3.140000,0.650000
2,269.792722,623.497000,1,40.839001,-0.420000,-0.973000,2.130000,-3.140000,0.650000
